3000 5000
1 2342 22194 22195
1 2924 15940 15941
3 631 8246 8249 2015 20140 20143 693 23922 23923
0
0
1 345 10924 10926
1 1003 23692 23696
2 1122 7284 7285 1441 8575 8577
0
2 2649 9839 9840 1071 24108 24112
3 2654 4591 4592 1854 12279 12282 2862 15651 15655
2 2672 12117 12118 1672 22935 22938
1 424 1180 1182
1 147 13269 13273
4 2864 2540 2544 433 9594 9598 1093 15551 15552 2463 20093 20097
2 1027 5260 5264 581 23686 23688
0
0
3 1929 10702 10703 2926 11709 11711 152 15251 15255
2 1957 7601 7604 451 16620 16621
2 871 12562 12564 2901 14621 14625
2 2668 1879 1880 365 18094 18098
1 954 23333 23334
3 2481 455 456 2261 16101 16102 1916 21466 21468
0
1 1846 19853 19856
2 221 688 689 2186 11631 11632
1 1370 7425 7426
3 134 208 212 1247 9176 9179 1277 18024 18026
2 1423 20164 20165 661 23995 23998
1 1038 22491 22492
3 2741 20969 20970 616 22150 22154 2523 23302 23304
0
2 583 7740 7744 439 19321 19324
3 1986 1239 1240 2276 11053 11057 494 17531 17533
2 2990 7591 7594 1443 22306 22307
2 2608 3198 3199 1405 19229 19233
0
0
4 2674 8945 8947 1117 11756 11757 603 12439 12442 1847 13861 13864
1 739 13855 13858
2 1516 691 694 1898 7039 7041
0
2 2507 711 713 1416 15133 15135
3 1132 3032 3034 2065 5021 5024 1394 12720 12723
0
1 1843 21550 21552
2 2455 13475 13477 2429 15468 15472
0
3 1495 12959 12963 1142 21772 21773 157 24493 24495
1 2971 16060 16063
3 632 1383 1384 2958 3725 3727 577 8024 8026
1 2726 7679 7683
1 932 5217 5218
1 2138 18364 18367
3 656 7694 7697 850 11695 11696 1702 13952 13955
1 2678 8259 8261
4 1369 5679 5683 1569 13799 13800 953 17735 17738 1486 23632 23633
3 1769 8064 8067 749 9873 9875 1894 15608 15611
1 1179 6351 6354
3 2490 3871 3872 263 8852 8854 2032 14239 14243
0
2 2843 19058 19060 422 21897 21898
2 2076 5820 5823 1641 10856 10858
1 1410 4719 4723
0
2 678 3650 3653 828 10365 10366
2 1155 12163 12167 2311 17675 17679
2 750 2331 2335 1294 12543 12545
1 924 5824 5827
1 293 2744 2748
1 361 11738 11742
2 1798 14298 14302 36 23771 23775
1 2294 23403 23404
3 2112 6066 6069 1996 13256 13260 737 14956 14958
2 2944 319 320 2382 1339 1343
0
2 660 1643 1644 7 15438 15439
1 1792 10492 10496
0
2 407 9355 9357 1329 13045 13047
1 321 7877 7878
2 1045 11784 11786 837 14836 14839
3 2594 2794 2797 1912 9728 9729 626 20524 20526
2 2235 2017 2019 331 12520 12523
0
1 2421 7112 7114
1 461 20379 20383
2 1683 1279 1281 2237 20025 20027
1 122 22344 22346
2 1019 8075 8077 2617 10217 10221
0
1 2284 4315 4319
3 1901 2927 2929 1593 4701 4703 328 21251 21253
1 277 12074 12075
1 665 8681 8685
1 2346 21071 21074
2 2999 1844 1845 1047 8410 8413
3 2883 4215 4216 2793 11675 11676 304 12419 12423
5 771 4826 4829 194 5859 5863 723 6576 6580 435 9915 9917 958 21029 21031
3 2264 4224 4226 773 5691 5695 2836 13247 13249
2 1392 398 399 640 20250 20251
1 2806 14438 14442
3 2068 9633 9636 1019 17868 17872 1929 17927 17930
1 1527 1034 1036
3 1624 131 133 1604 7359 7362 778 14951 14952
0
0
2 921 1687 1691 305 21288 21290
3 169 5280 5284 615 6682 6683 2551 7345 7348
1 1347 7317 7318
1 2354 12632 12633
1 2028 5798 5800
1 2668 17254 17257
1 1914 9668 9670
1 2255 4606 4609
1 2307 19507 19509
1 1872 12835 12837
0
0
0
3 2268 7810 7813 2900 12604 12608 2155 15079 15081
3 228 1876 1878 901 4194 4197 532 24694 24696
1 944 23179 23180
2 1124 16256 16259 7 24323 24326
1 1940 8927 8931
1 945 12527 12529
2 733 2782 2785 2335 20758 20759
2 1435 1470 1474 1059 6430 6433
0
1 2394 14520 14521
5 2914 126 127 686 10669 10673 2577 12062 12066 380 13424 13427 2401 18207 18210
0
1 1221 8392 8393
0
1 560 4404 4408
2 2969 18121 18124 2443 20135 20136
4 1727 5930 5932 583 10093 10096 2331 13206 13210 2998 17060 17062
4 2763 2254 2258 2565 5359 5361 2551 5749 5753 800 8632 8634
3 230 10497 10500 2749 13656 13660 2234 24167 24171
1 456 16921 16923
2 2463 2309 2312 1287 6051 6054
1 2247 8460 8461
1 1257 11430 11432
3 386 6264 6268 1502 16236 16240 1044 17453 17457
2 1530 12256 12260 2594 16985 16986
5 57 4157 4158 1044 7270 7274 2818 14827 14828 1404 19420 19422 264 24160 24163
1 2077 17698 17702
4 167 4724 4725 2669 4870 4871 1890 5088 5092 2453 11988 11990
0
2 40 10913 10916 2082 17162 17165
1 1388 22616 22617
0
3 1801 1127 1129 2792 1476 1477 1787 16859 16862
5 791 2943 2947 1106 5070 5071 340 14041 14045 1846 20068 20069 113 22563 22567
1 1291 6543 6546
1 964 12115 12116
1 1878 24202 24203
3 1913 1140 1142 1067 14203 14207 2611 23861 23865
2 1179 1738 1742 586 11966 11967
0
2 1230 6974 6976 482 22189 22192
0
3 159 19269 19270 1371 21263 21264 483 23581 23583
3 1680 13965 13967 2328 15973 15976 1445 23071 23072
2 2516 5596 5597 161 21538 21541
2 2445 4669 4673 216 13802 13804
1 2981 15350 15352
3 388 338 339 1351 12215 12216 1672 15448 15449
1 2134 9552 9554
1 654 7081 7083
0
3 388 5177 5180 2490 7278 7280 2851 14934 14936
0
2 2991 14255 14259 1055 17191 17195
2 1203 4443 4444 1255 11215 11217
2 887 4428 4429 2063 21483 21487
1 1556 13749 13753
1 1000 24183 24184
2 2045 6941 6945 1645 7299 7300
6 301 2150 2152 1822 2466 2467 1425 2988 2989 721 9867 9871 241 11147 11149 2747 12647 12651
2 2391 11419 11422 1841 12380 12381
1 2171 7938 7942
3 1275 10611 10612 2146 13622 13626 1331 24539 24542
5 592 2675 2677 529 3593 3594 1722 4183 4184 894 5073 5076 104 16208 16209
1 2656 9842 9846
1 1886 10946 10947
3 2172 4518 4520 353 6622 6624 1927 24651 24653
3 877 15068 15072 320 15242 15243 700 15820 15823
0
0
2 597 3011 3015 909 18297 18299
2 281 610 614 2454 6151 6153
1 414 18582 18585
2 843 21230 21234 1188 21319 21323
1 1041 20805 20807
1 2033 8414 8415
1 110 9413 9414
3 2243 14730 14732 2788 15994 15995 313 24066 24067
2 1521 7727 7728 1237 19212 19216
3 1614 5221 5224 1166 6873 6876 1629 17299 17303
3 899 1700 1702 1512 7188 7189 1185 20146 20147
1 1196 17838 17840
0
0
2 1785 17372 17375 507 17903 17907
1 2503 13490 13491
3 1352 4448 4449 1340 7576 7577 1111 23188 23192
2 234 20326 20328 710 21643 21645
4 1944 3834 3835 2825 5842 5846 2341 11817 11819 417 18959 18962
0
2 1166 3757 3760 2959 10523 10526
2 1499 9616 9618 2302 17206 17209
1 2448 6026 6030
0
2 1148 3127 3130 577 12896 12899
1 1812 3504 3507
1 2010 21504 21507
0
2 2434 13892 13893 1131 22761 22765
2 139 15229 15230 2283 21377 21378
1 1168 24566 24568
0
0
4 2858 3233 3235 1732 11039 11042 513 12701 12704 1667 20931 20935
3 1330 11127 11131 326 12453 12456 329 19796 19800
4 959 8584 8585 309 20472 20474 1511 23611 23612 2381 24912 24916
0
3 1929 2108 2110 1157 5762 5764 2203 6758 6759
1 1006 3997 3998
0
1 1505 22726 22729
1 313 23262 23264
2 2599 8336 8337 2820 15094 15095
0
3 545 16473 16476 1554 22426 22429 800 22712 22713
1 1293 4411 4412
1 2983 11721 11724
4 2999 3719 3722 2169 18854 18855 2197 20599 20600 2 24141 24142
2 885 2485 2487 1152 15396 15400
0
4 2698 3643 3644 1458 3678 3679 1179 9919 9920 2418 22243 22247
2 1747 7539 7542 1025 15857 15860
1 2934 5162 5166
1 76 22832 22833
2 1018 20475 20479 2335 22001 22002
4 2890 3052 3053 1521 7790 7794 1551 7885 7887 2162 16227 16229
2 115 763 766 1474 19434 19437
3 377 13368 13371 1147 15959 15962 62 24575 24579
2 1681 6194 6197 2101 24825 24828
0
2 2808 3737 3739 1994 9809 9810
1 1156 23195 23197
0
1 1149 22585 22587
1 2565 3063 3064
3 1366 5659 5660 171 9640 9644 264 15160 15162
6 2451 4283 4286 1202 6775 6778 2104 10225 10227 1305 18326 18330 1431 19595 19597 785 22058 22061
1 821 19892 19893
2 1494 12476 12480 1141 19747 19749
3 1393 16682 16686 1807 22085 22087 4 23749 23752
0
2 1752 13395 13397 1048 21873 21874
2 2664 14632 14635 1287 16901 16903
1 1760 17197 17198
0
5 1755 1862 1864 1516 6596 6599 2748 14221 14224 440 18077 18081 592 20082 20083
2 1246 6177 6180 350 24929 24932
1 253 24996 24997
1 2376 7418 7421
0
2 2808 8006 8010 223 18537 18538
2 1013 12209 12212 957 17880 17882
1 669 25021 25022
3 2298 4952 4956 1785 5173 5174 1298 18731 18734
0
0
0
1 599 22786 22787
3 2374 13338 13340 888 15008 15012 976 23100 23101
3 1387 5061 5063 1736 15999 16001 761 19396 19399
1 2907 6966 6970
0
2 654 6626 6630 2516 11867 11870
3 2929 3483 3486 1884 7226 7227 793 23944 23947
5 1532 8718 8722 2831 18434 18435 2394 18968 18969 1523 21998 22000 1488 23702 23705
1 2305 13398 13402
1 1944 23501 23505
1 322 9997 10000
2 2205 15209 15210 2886 24644 24647
2 1576 18422 18426 1565 21421 21425
2 228 381 385 519 1941 1945
0
2 719 18267 18270 2853 23004 23007
0
2 2129 682 684 2131 10567 10568
1 1463 16241 16245
3 1875 11501 11503 2751 16069 16072 2988 22626 22629
1 819 7408 7411
1 989 23398 23400
3 409 9208 9211 2086 9294 9296 1906 11514 11518
3 536 90 94 970 5783 5787 1062 19311 19315
0
1 2646 14542 14544
4 1164 9755 9756 1417 19168 19172 2569 22536 22540 2892 22841 22845
6 689 3179 3182 2141 12200 12203 1112 15125 15127 2350 16075 16077 262 16917 16918 2405 17010 17012
1 1463 22929 22933
0
1 690 3342 3343
1 217 14083 14086
2 458 7690 7693 2081 21254 21256
1 614 19300 19304
1 1161 1314 1318
0
3 2583 2153 2155 790 5687 5689 1549 8972 8975
1 501 23823 23825
2 2849 581 583 2929 21353 21357
2 787 1903 1907 864 8557 8561
0
3 2935 98 100 2960 18114 18118 2775 21024 21025
1 89 10137 10140
1 746 6751 6752
3 2499 1253 1255 411 9814 9815 1772 20662 20664
0
2 1139 161 162 76 20111 20115
4 2168 1158 1161 135 4916 4919 2808 5479 5483 2275 7104 7108
2 843 9937 9941 1175 21776 21780
3 60 1310 1311 287 18150 18153 2577 20891 20895
0
3 801 4555 4558 2447 13585 13588 2124 21922 21926
1 1427 18723 18727
0
0
1 1509 15808 15810
3 2284 6846 6850 2659 13971 13973 994 20958 20961
1 109 3221 3223
5 1821 173 175 2511 16152 16155 1646 18898 18901 1358 19736 19739 1919 23975 23976
2 615 4502 4506 1534 11552 11555
2 2880 8153 8156 2508 11851 11852
2 2485 7488 7489 2220 8616 8620
0
4 1279 3213 3216 272 4374 4376 1404 5198 5201 1627 8263 8267
4 1477 3773 3777 2216 9012 9014 555 10501 10502 1077 20151 20154
2 663 15916 15919 2247 16202 16203
0
1 2126 15631 15632
2 1238 16853 16857 2263 24238 24242
2 1430 1532 1535 1306 17668 17671
0
3 418 5852 5853 210 14524 14526 2889 24534 24535
0
2 671 3668 3671 773 19183 19185
1 1662 5233 5235
3 425 8765 8767 2660 19083 19085 251 20283 20284
1 1366 24697 24699
2 671 9141 9143 2422 22126 22128
1 1491 5888 5889
2 2543 12635 12638 2736 21890 21894
1 556 17351 17353
2 2557 2038 2041 2907 16579 16580
3 1566 4746 4748 495 10070 10072 2272 11248 11251
1 2503 13564 13567
3 1361 1772 1774 1691 12054 12058 2292 22272 22273
2 19 20705 20708 872 21161 21165
2 1646 235 237 1640 19030 19033
2 2232 826 830 2514 6534 6537
3 2697 939 940 2562 1946 1947 1067 17367 17368
3 2976 4765 4767 2056 8279 8282 1987 17356 17357
3 905 6583 6584 2434 11751 11753 2012 17080 17083
0
1 179 12501 12505
3 811 5915 5918 1307 5981 5982 1324 20601 20603
1 2205 14704 14708
1 2460 6215 6218
2 1905 8712 8715 2590 15757 15760
2 2144 9763 9765 1346 20321 20325
5 2775 3385 3389 679 3883 3886 2997 8309 8310 1639 8886 8888 293 10706 10707
1 786 5432 5436
2 2368 19223 19225 1643 22300 22302
2 2203 9349 9351 729 21617 21619
0
0
2 2211 9521 9522 1169 17991 17995
4 2342 16406 16410 638 17886 17888 1208 23542 23543 1644 24023 24026
3 1651 4484 4485 1123 7549 7551 1953 10747 10751
2 210 10023 10026 595 14745 14746
2 1000 10552 10554 1328 19901 19904
3 2664 5183 5187 2790 6114 6116 1513 14030 14031
4 1147 7765 7766 790 8450 8451 1979 13906 13908 1059 24154 24156
2 2064 12582 12584 2439 19076 19078
3 1311 1153 1154 1374 14470 14474 613 15600 15604
3 894 5343 5346 1115 12870 12871 2036 24404 24406
0
1 1560 12755 12758
2 1568 6487 6490 1725 20963 20965
6 107 1540 1544 910 10062 10066 555 10918 10921 312 10959 10962 1376 21044 21045 2231 21795 21799
2 2044 1768 1769 1708 6344 6347
1 1551 13713 13717
5 971 9769 9772 322 10416 10419 2943 14900 14901 91 18271 18273 2498 18588 18590
3 236 3361 3363 2670 12706 12708 865 19644 19646
2 2400 16677 16678 1054 24520 24523
5 1780 373 376 936 9202 9205 2253 10302 10303 1260 18931 18934 168 24429 24430
3 2887 3977 3981 2802 4581 4585 2387 12403 12405
4 777 2655 2656 932 7665 7667 2935 9654 9658 2444 20860 20864
0
2 2105 6205 6209 1809 6813 6817
2 2237 13000 13002 2033 23412 23415
1 2806 4361 4363
1 892 14455 14459
3 1824 1988 1990 1686 9163 9164 2151 22354 22357
1 320 4248 4251
2 2442 3691 3694 2309 6238 6240
2 918 2523 2525 758 14185 14188
4 782 2638 2640 2420 3583 3584 1142 15030 15034 1530 16633 16636
2 1920 17221 17223 2206 17941 17943
2 10 784 785 457 3312 3314
2 912 2249 2253 980 18988 18989
1 2632 2529 2533
0
1 1500 9821 9822
1 2711 19743 19746
3 25 8286 8287 675 9622 9625 2093 13850 13852
0
2 1306 1289 1293 2958 10638 10639
1 1518 24311 24312
2 2792 8876 8877 2087 10660 10662
2 1858 998 1001 762 17462 17465
1 801 22769 22772
2 205 3001 3004 1008 15301 15302
1 599 9297 9299
0
3 2015 5839 5840 2242 7405 7407 1935 23924 23928
2 586 11274 11278 381 24372 24374
3 2766 5662 5666 186 16387 16389 2003 17283 17286
1 1859 4310 4312
3 13 10155 10158 275 15669 15670 1550 23514 23517
4 1363 414 418 167 8347 8349 2271 13524 13528 2119 17798 17802
1 773 2626 2629
1 620 6821 6822
1 734 5405 5408
2 2038 10351 10353 2080 20699 20703
3 1154 9587 9590 1725 16303 16306 543 18963 18964
2 2814 1486 1487 2565 16246 16249
2 1527 9506 9509 1602 23381 23383
2 473 16010 16012 2012 19195 19197
1 2186 4055 4057
1 2625 19411 19413
3 1060 18779 18781 2996 19803 19804 750 22621 22625
0
0
2 433 11963 11965 854 12786 12789
2 656 7306 7307 2895 17909 17911
2 670 1720 1722 2598 19538 19541
1 2002 16334 16337
1 2308 9548 9549
3 2782 442 446 2398 17556 17559 2927 23607 23608
5 2052 6718 6720 1945 13509 13511 109 16414 16417 2516 22827 22829 2254 24613 24616
1 1477 8108 8110
4 2379 1052 1053 100 1346 1349 2150 15590 15594 2836 19104 19105
0
0
1 1231 2181 2183
0
2 205 17636 17640 344 24134 24138
2 1056 11713 11717 2107 15927 15931
2 2390 4006 4007 140 17890 17894
0
2 1040 4617 4618 1598 21558 21561
5 652 2267 2271 480 3195 3196 1113 6860 6864 281 11227 11231 626 19152 19154
3 2551 1753 1755 2056 3611 3613 1061 24605 24609
0
1 200 9321 9323
0
3 1332 8528 8531 392 10738 10741 1252 11075 11078
2 2519 6039 6040 26 15659 15661
0
3 686 3792 3794 108 8183 8185 2419 9796 9800
2 1727 7967 7971 1606 14281 14283
2 1878 10475 10478 1582 21690 21693
2 2736 21497 21501 1063 21594 21595
0
2 1071 21456 21459 1659 23121 23124
0
2 1480 13158 13159 148 19618 19620
1 1000 15460 15461
1 2519 6286 6290
0
1 483 5304 5305
2 2068 6899 6903 921 12283 12286
4 780 4643 4644 1667 8949 8953 1359 9438 9441 1655 11601 11604
1 1695 21832 21835
2 529 177 181 366 3283 3285
2 2048 7030 7031 2426 24903 24904
3 1876 251 253 1243 21046 21050 1305 23495 23498
1 341 4141 4142
2 2311 10808 10811 611 17631 17634
1 2555 2913 2916
3 1446 4019 4023 1212 11071 11074 1913 15517 15521
0
1 2451 10691 10693
1 1842 12449 12452
2 2912 10928 10932 1021 23126 23128
2 1807 1788 1789 780 13589 13593
5 2281 4756 4757 1180 8228 8230 1883 9513 9517 1852 15023 15027 1045 20914 20915
1 7 18029 18032
2 1998 735 739 2820 14794 14796
1 384 16321 16322
4 2889 1480 1482 2038 8654 8658 851 20098 20099 395 25046 25047
3 508 269 271 556 5014 5015 2889 11706 11708
2 2645 5053 5057 105 12531 12535
1 212 14397 14401
3 1257 10324 10327 1040 12801 12804 2967 20129 20132
1 2973 4845 4849
0
0
3 1105 597 600 2257 7555 7556 2074 21933 21934
0
4 1620 11971 11974 1499 15523 15524 1575 18131 18132 339 21554 21557
0
0
0
1 2410 10437 10440
4 1396 2070 2074 1733 4218 4221 2677 16513 16514 1334 21652 21656
5 1400 11848 11850 1281 14075 14078 262 17600 17604 631 22277 22278 988 23572 23573
1 1375 21204 21207
1 127 20483 20486
1 2851 2227 2229
3 2508 8934 8938 1117 14567 14568 247 19615 19617
3 1306 994 995 779 13237 13240 1177 16953 16955
1 994 677 681
2 1985 4302 4306 1913 8563 8567
3 2919 7522 7525 868 12590 12594 2118 16732 16733
0
3 1921 1966 1969 1445 3227 3231 39 20348 20351
2 1156 21316 21318 1337 21600 21603
0
5 2696 2777 2781 640 7535 7536 294 11204 11205 2937 16340 16343 1118 17642 17644
3 549 4611 4612 487 9420 9423 38 12919 12921
2 985 6722 6724 621 11234 11238
1 896 15988 15990
2 2982 4169 4172 858 5503 5506
1 831 17835 17837
2 2226 2313 2316 2566 14237 14238
3 1455 19381 19383 1691 20510 20513 2718 21428 21430
3 1717 5444 5448 1846 9240 9241 1503 10851 10852
2 2668 1462 1464 696 3237 3240
0
2 65 2846 2850 1947 5332 5334
2 2346 6894 6895 1013 12567 12569
2 278 6400 6403 241 23596 23597
1 711 22749 22750
2 1739 1170 1174 2133 10967 10970
1 1274 6246 6250
0
1 930 3655 3659
1 1544 8761 8763
2 905 14195 14199 107 20463 20464
2 1387 20335 20337 1187 23241 23244
0
3 776 1361 1363 1439 15774 15777 2830 21648 21651
4 1073 3321 3325 272 10630 10634 794 14637 14640 70 17444 17445
0
2 241 281 283 2675 13792 13796
0
0
4 2084 2175 2177 2051 2398 2402 55 19331 19335 514 24187 24190
4 2787 1606 1607 2919 10331 10335 1446 11459 11462 1372 20873 20877
5 2390 1661 1662 1378 17860 17861 870 19926 19929 587 21802 21804 1289 24432 24436
1 1686 150 152
2 2051 10979 10982 781 20190 20193
2 1313 6833 6835 440 22848 22852
1 635 6668 6671
2 1549 2665 2668 1703 14463 14466
1 220 23167 23170
1 2717 1836 1837
0
1 1170 13529 13532
2 646 11385 11386 1947 18089 18090
2 39 9829 9831 1625 16549 16552
2 2125 245 248 1632 4965 4966
0
4 1645 520 522 2488 1896 1898 401 2185 2189 2860 16231 16233
4 520 6120 6124 1419 7954 7958 491 9987 9990 2672 14342 14343
3 517 16515 16518 38 16990 16993 1651 20972 20976
0
4 1073 13380 13381 2892 15261 15263 1063 21270 21272 2218 22975 22976
0
0
3 2232 2633 2634 541 10984 10988 2692 18863 18864
2 1758 135 136 1476 20825 20826
0
1 1676 8209 8212
2 1257 7630 7631 1972 11874 11876
6 2195 5880 5881 556 6527 6531 2301 8474 8476 1488 9929 9931 1955 14265 14268 1752 17015 17017
3 375 1395 1396 847 9189 9193 2470 19283 19286
2 2437 14103 14104 1558 19389 19391
0
1 79 23799 23800
2 2771 23130 23132 1922 23869 23872
0
1 1780 3326 3328
2 2553 2498 2499 2283 12067 12070
2 2717 11613 11617 344 13983 13987
2 2600 8757 8760 55 15497 15498
5 183 7721 7724 964 8240 8242 2996 14153 14157 2748 20248 20249 975 23951 23955
2 2306 4011 4012 2529 14019 14023
1 1472 18444 18448
1 1858 18183 18184
2 1653 2351 2353 779 18488 18491
2 778 13455 13457 413 23742 23744
1 71 4666 4668
4 2040 2905 2909 2737 11165 11168 2872 14843 14846 623 21613 21614
3 2317 9376 9379 2974 14812 14815 2678 18337 18340
0
1 1956 7451 7453
0
1 2667 1207 1210
0
2 1778 2113 2115 2192 17521 17525
0
1 1809 17273 17276
1 772 4205 4206
1 1669 11839 11841
0
2 2903 10112 10116 260 15059 15061
1 391 24918 24920
2 2729 2490 2494 2389 8768 8771
3 847 9290 9292 1712 15404 15408 1197 19118 19119
0
0
3 68 104 108 202 1654 1658 747 20037 20040
0
0
4 1769 10940 10943 1962 16190 16192 1057 20392 20396 1501 24439 24442
3 1323 5674 5675 2205 12881 12884 685 18677 18680
2 2923 11066 11067 940 15257 15260
2 235 20527 20528 2860 21767 21770
2 2964 722 725 1149 20341 20345
0
1 2877 3697 3698
2 2964 6211 6214 772 10585 10586
4 1686 10133 10135 2535 14432 14435 2949 21463 21464 946 21819 21820
3 1353 7769 7772 156 9750 9752 1316 18822 18824
2 719 12681 12685 1795 18619 18623
0
1 1025 14209 14211
3 2178 5498 5499 1112 19297 19299 2634 23803 23806
5 2513 3828 3830 98 11703 11705 1521 13342 13346 779 22021 22025 866 24375 24376
1 515 12619 12621
0
0
0
0
1 2221 8777 8778
1 1901 19637 19638
2 2071 1511 1512 2656 2557 2560
2 1784 15044 15046 2382 17225 17227
1 1450 10256 10257
1 2584 6172 6173
2 1412 12204 12207 659 20376 20378
1 1167 10040 10043
2 1806 6929 6932 801 10258 10262
4 425 1993 1996 320 2512 2516 2434 13078 13080 2324 24285 24288
2 1941 3701 3703 2494 22375 22379
1 1915 1438 1441
2 1558 8133 8134 2538 15287 15291
1 1111 18469 18472
1 1307 1565 1566
5 824 6298 6302 46 14710 14711 557 16696 16699 724 18063 18065 260 21365 21367
3 736 20648 20649 2325 20671 20675 639 24474 24478
3 2175 2729 2733 587 12677 12678 1382 16654 16656
1 2188 7397 7399
2 2693 20529 20530 1371 21927 21930
2 2337 1620 1624 869 20005 20009
4 2513 2394 2395 267 4697 4700 2645 6808 6812 1708 14693 14695
1 158 4973 4976
1 1631 7066 7067
1 1006 24498 24500
3 731 13866 13870 571 20019 20021 2179 21906 21907
3 655 9111 9115 1207 14461 14462 2024 23297 23300
2 1174 7987 7988 1055 13360 13363
0
2 2113 12315 12318 2183 15576 15580
1 2772 20728 20729
1 1356 79 80
1 2809 7217 7218
1 2853 19888 19891
3 875 4712 4715 2544 8703 8704 2230 18109 18110
0
7 1749 1648 1651 1675 7597 7600 330 8552 8553 2087 10537 10540 27 14560 14563 2754 18085 18086 1736 19112 19116
0
2 2972 20157 20161 2186 24229 24231
2 709 11442 11446 2519 17130 17133
3 415 427 430 2134 7254 7257 426 7796 7799
2 2355 14944 14948 1418 15734 15735
2 1883 17172 17175 1595 20359 20360
1 1260 8470 8471
0
2 1821 7211 7214 1168 14903 14904
1 1176 8941 8944
6 287 2978 2979 1554 3276 3279 767 16133 16135 572 16519 16522 1534 18492 18493 2901 24193 24195
2 1948 1796 1799 78 18909 18913
0
0
1 855 4873 4874
2 1477 19417 19418 2977 22470 22472
1 1723 12573 12577
3 1741 19805 19809 1777 20270 20271 437 24878 24881
1 849 666 668
1 1696 3344 3348
1 1725 6000 6004
1 2644 2932 2935
5 1624 1398 1399 2384 3801 3802 2309 14602 14603 1670 19430 19432 1056 22550 22551
2 759 14803 14804 2175 24004 24005
1 866 14131 14132
1 793 19983 19986
1 2343 1336 1337
1 2468 11454 11456
1 600 8921 8924
1 1845 218 222
0
0
2 1939 4793 4794 827 12413 12415
0
4 2172 5605 5607 1134 19915 19917 1126 21671 21673 2999 22106 22107
2 1412 255 259 344 19018 19019
0
3 649 351 355 2356 5190 5194 437 5757 5758
2 1435 18 21 991 23720 23724
1 1111 3556 3558
5 2197 9133 9137 188 10867 10868 1173 11619 11622 625 20398 20400 2665 22290 22293
0
1 1568 2996 2998
0
0
0
2 1659 6674 6678 2152 21260 21261
0
4 591 5308 5309 2031 7118 7121 1161 8751 8754 234 15943 15947
1 734 2644 2646
0
1 115 15100 15103
1 139 6791 6794
0
3 1039 2868 2869 2643 8689 8691 2282 24289 24292
1 99 11832 11835
1 2603 13478 13482
2 145 8090 8093 2180 12550 12554
1 1649 20425 20426
4 1931 2201 2202 1934 11297 11299 2762 20300 20302 2971 21266 21268
2 2469 16820 16821 1562 19593 19594
0
2 2978 4596 4599 159 4733 4735
3 638 12353 12355 1432 18283 18287 1343 23833 23835
0
4 1994 2294 2296 2108 2431 2434 573 12933 12934 1092 23140 23144
1 1915 1561 1563
0
3 1275 4266 4269 1965 12409 12412 800 22091 22095
3 2950 8954 8956 1073 16037 16041 1574 22498 22500
2 2719 3377 3381 2544 8332 8333
0
2 999 9461 9464 2280 22309 22310
1 2667 12820 12823
0
0
0
2 1466 9245 9248 2996 11663 11667
2 1521 5225 5227 2648 10813 10815
2 2991 4025 4029 513 16438 16441
5 860 3059 3062 595 12144 12146 1301 14779 14782 702 17247 17248 1611 24792 24794
3 314 8650 8653 83 12943 12944 1513 21101 21104
2 2241 6144 6145 381 8452 8454
0
2 1823 11284 11285 119 19640 19642
1 1564 4652 4656
5 567 3006 3007 943 10721 10725 709 10989 10990 729 14247 14248 2558 14970 14972
0
0
3 566 1381 1382 247 1960 1963 1128 12038 12041
0
3 1355 4987 4989 2969 7413 7414 1611 14370 14371
4 1296 3533 3535 1652 6033 6036 2975 13132 13134 1524 21812 21815
1 884 13081 13084
1 722 14767 14768
0
1 2871 10123 10126
1 3 23366 23367
1 1236 979 981
1 1768 18166 18170
2 1467 3434 3438 2939 12598 12602
2 1524 3927 3929 1249 23362 23363
1 2756 16480 16483
1 1233 1597 1598
3 220 2205 2208 1269 6367 6371 534 16896 16898
1 2287 5773 5777
0
3 1307 2376 2378 1071 12398 12399 2558 23041 23044
0
3 1835 13029 13032 409 19374 19378 2507 20291 20293
3 1495 2873 2874 2762 11269 11271 264 12390 12394
1 1795 2990 2992
0
2 531 8386 8390 29 11656 11657
0
0
3 194 942 944 2932 6041 6042 547 19911 19914
0
1 1499 6232 6234
1 1553 25067 25069
2 438 8939 8940 1854 11827 11828
3 2719 422 424 2851 4323 4326 779 6643 6645
2 101 5969 5972 2431 22954 22955
0
0
4 1282 12245 12247 2874 13349 13352 1258 17202 17204 2430 18920 18921
1 919 3489 3491
0
2 1090 9891 9892 200 10295 10298
1 2415 9887 9888
4 1227 895 897 1888 3528 3530 2957 5922 5926 1308 21908 21910
2 1219 12687 12689 2610 13251 13254
1 2504 22279 22283
2 1384 1807 1809 444 20607 20608
1 1401 20853 20856
2 284 1628 1629 2006 2750 2752
0
1 1169 12843 12844
2 1997 262 266 1178 9493 9497
1 2408 1890 1894
1 2546 16940 16941
2 1300 2439 2442 2521 21019 21021
0
1 1927 14379 14380
0
2 2706 9151 9153 1874 11223 11226
3 2895 15538 15539 1790 20898 20900 2614 21396 21398
1 2596 2305 2306
3 2413 5396 5397 776 14889 14891 1746 19092 19095
1 1749 11469 11471
3 1635 820 824 662 11303 11306 815 13498 13502
0
2 2122 12339 12341 1005 20494 20497
1 2401 8316 8317
0
2 1841 9430 9431 1591 15871 15875
4 1979 2888 2890 2017 7617 7618 2010 18068 18072 336 21068 21069
2 39 6421 6424 2136 21629 21632
1 278 10795 10796
3 941 6156 6158 1832 19578 19582 2231 20627 20630
2 2890 3932 3936 1109 21544 21547
1 496 7192 7195
0
1 2429 19394 19395
1 1478 20615 20618
0
1 2637 11132 11135
5 2848 658 662 315 6107 6109 2582 7221 7223 799 15198 15200 845 17751 17752
1 766 18257 18259
1 2618 7613 7616
2 2040 4639 4641 1822 19654 19656
0
2 169 4958 4961 967 8789 8793
0
3 663 6258 6261 2290 6764 6767 1929 17618 17622
3 174 16999 17000 207 18512 18515 1096 22781 22782
0
4 1156 1886 1888 2579 10708 10711 2884 19401 19403 2071 20436 20437
3 559 3353 3356 1772 6742 6746 1131 9883 9886
0
0
3 1550 7267 7268 327 14490 14491 409 18557 18559
0
2 313 14387 14389 161 14975 14979
1 1107 22821 22824
1 741 2045 2048
0
1 2907 20742 20746
4 1972 6105 6106 502 10028 10031 2155 11804 11806 2187 25098 25101
2 2659 2616 2618 2678 12810 12811
3 1653 9560 9564 287 13434 13438 16 19242 19244
2 2871 14626 14628 2557 24106 24107
2 1280 18525 18527 2121 20547 20548
3 1535 1948 1952 345 2159 2161 640 2578 2580
1 1117 17933 17934
0
6 1254 975 977 1181 4601 4605 1534 5467 5469 1349 5705 5707 2744 7427 7431 2719 10484 10485
1 1142 4091 4095
0
1 2203 14913 14915
0
1 2432 15505 15509
4 927 1312 1313 2702 3907 3911 2087 9335 9336 2501 17451 17452
3 172 935 937 455 10178 10180 2944 13840 13841
2 985 18379 18381 2304 22882 22886
1 841 13895 13898
3 2233 2138 2141 1148 2825 2828 470 10011 10013
1 2785 2981 2982
1 1285 23566 23570
2 1571 2593 2595 97 7642 7643
2 151 5855 5856 919 20182 20186
0
1 268 2324 2326
4 817 875 877 1013 5354 5357 2996 6372 6373 1663 12813 12815
2 1296 14789 14791 464 23052 23054
1 2635 11894 11895
0
1 1195 17780 17784
3 1620 4525 4526 755 10405 10408 2194 14144 14147
0
0
2 2555 6188 6191 1602 15801 15803
3 600 9958 9962 1367 13774 13778 263 23851 23853
2 328 11043 11044 1276 18344 18348
2 2596 1599 1602 784 11794 11798
1 1211 11032 11036
4 212 3470 3472 2545 8043 8044 923 19660 19661 904 24947 24951
1 498 8913 8917
0
3 2864 433 437 2880 12539 12540 1315 15895 15898
2 1066 17865 17867 2458 20954 20957
1 283 2791 2792
2 1541 19014 19015 2863 24529 24533
1 726 10075 10077
1 2295 24464 24466
2 54 3961 3964 528 9372 9374
3 1177 7935 7936 1139 16025 16026 1811 20835 20839
2 2188 2754 2756 46 11177 11178
3 420 7301 7304 10 10344 10348 1049 10513 10515
3 52 884 887 1459 11883 11886 2764 23845 23848
1 2486 20428 20429
1 1512 18178 18179
3 1815 8292 8296 2687 17288 17291 1526 18542 18546
1 1558 10640 10641
1 2258 2508 2510
0
2 181 9214 9218 2822 11887 11891
1 2779 22816 22820
2 11 13999 14002 2626 24032 24036
1 336 16663 16666
2 3 4454 4458 1235 8593 8596
1 2468 14262 14264
4 503 2672 2673 2157 7144 7148 86 13153 13155 20 13574 13577
1 1722 19687 19690
4 773 2320 2321 1835 6866 6870 1900 8058 8060 158 23766 23770
4 1962 3390 3394 477 3404 3406 353 18917 18918 420 24544 24547
0
3 2538 17054 17058 2972 20041 20043 1035 24831 24832
1 1541 18357 18361
2 200 15324 15326 505 24514 24515
1 2676 11725 11729
0
2 2403 16639 16642 2587 22393 22396
1 174 19023 19027
2 978 12140 12141 1790 12771 12772
2 1642 11150 11154 503 20446 20449
3 1821 5600 5602 2783 5811 5812 1610 13058 13062
3 492 15622 15623 2033 20711 20714 2852 21060 21062
4 720 3416 3418 2495 17166 17170 658 17925 17926 2256 24457 24460
1 1090 13087 13090
1 2909 23344 23347
2 482 11698 11699 1362 15543 15544
0
3 963 4198 4202 453 13220 13222 1503 18126 18128
0
6 2268 2104 2106 2410 4853 4857 1876 10078 10080 499 15245 15248 898 16400 16402 825 18572 18573
4 1939 2085 2089 1649 16035 16036 132 16613 16617 419 18789 18792
2 274 4993 4997 1271 16297 16301
0
1 1505 7584 7588
1 2969 21433 21436
0
3 122 3581 3582 12 8547 8548 1620 16319 16320
1 2216 5794 5797
1 110 22 25
0
0
2 1467 11346 11348 1326 14174 14178
1 2434 17771 17772
1 644 9272 9273
0
2 2596 17179 17182 2082 19792 19793
0
1 990 8432 8435
3 1210 2861 2864 1617 14983 14984 1812 16701 16703
3 2485 4209 4211 2125 15090 15092 1100 20952 20953
2 2566 1551 1552 2679 23531 23532
2 2262 7382 7384 2219 13175 13178
2 64 4628 4631 2812 17730 17731
0
0
1 2532 20045 20048
3 447 447 450 1495 4559 4563 2031 17105 17108
3 2804 410 411 2143 3662 3665 1686 17786 17787
1 2443 24280 24283
4 2895 11772 11773 1082 15139 15141 2731 18045 18046 443 21635 21639
0
0
3 19 1928 1930 1945 2679 2683 1605 5942 5945
1 354 16350 16354
1 2933 20305 20306
2 496 3024 3026 983 6427 6429
1 1580 22512 22513
2 2106 19860 19864 2623 22316 22317
2 2362 17185 17189 387 17796 17797
1 1618 4068 4071
3 1329 17320 17321 523 17977 17981 492 19055 19056
3 1603 13387 13391 2467 24506 24510 2882 25012 25014
1 2095 10826 10828
0
3 2682 7814 7816 1634 8170 8171 97 24132 24133
0
4 2303 13842 13844 1799 17156 17158 220 22141 22144 1302 23603 23605
1 2335 3853 3857
2 2727 8188 8190 196 16110 16114
1 2387 9029 9033
0
1 477 2420 2424
3 2603 6132 6133 1073 16995 16997 1417 24981 24983
1 2039 11028 11031
1 1219 9479 9483
3 2099 10396 10398 2096 10715 10717 2754 16624 16628
2 1069 7946 7947 2737 21744 21747
0
1 2821 6548 6550
3 2870 6375 6379 906 10504 10505 2707 17459 17460
0
1 2173 11008 11011
4 1563 7607 7609 2228 8568 8571 2707 16583 16586 1085 22182 22185
1 1550 13535 13536
0
2 475 4930 4932 412 19130 19132
0
2 1186 8864 8868 2979 21327 21331
2 362 12444 12445 867 17043 17046
1 2950 21884 21886
0
5 2330 4236 4240 2480 15214 15217 2983 16292 16296 757 18005 18009 2788 20102 20103
1 653 6409 6413
2 2491 6506 6510 2705 20203 20206
3 2253 6457 6460 448 9330 9331 1142 23697 23698
2 89 11395 11399 131 23336 23339
2 259 45 46 1389 1444 1448
1 2499 19254 19257
3 2692 1283 1286 1133 17339 17340 695 22334 22336
3 1989 2064 2066 1434 21006 21007 230 21237 21238
3 65 6614 6618 1855 6949 6953 2214 16499 16502
6 215 4806 4809 329 7704 7708 1246 8013 8016 1763 14997 14998 1218 18859 18860 1439 20842 20844
2 2662 20923 20927 2850 21598 21599
1 2492 961 965
0
2 2941 5699 5701 1346 6501 6503
2 2916 15709 15712 2406 16106 16107
3 1836 21490 21494 925 24469 24472 945 24690 24691
2 1616 15746 15748 1317 19694 19696
0
1 2964 10604 10607
3 2433 576 580 1155 17757 17758 2204 19035 19038
2 54 11334 11336 2255 22205 22209
0
4 973 86 88 2522 808 810 2693 11343 11344 1788 20906 20910
2 185 13598 13600 1893 24379 24383
1 2982 19524 19525
0
1 2850 10686 10689
0
2 680 869 872 1708 3307 3308
1 305 16150 16151
2 1375 8400 8401 1281 14701 14703
3 1522 12127 12129 296 21075 21076 2528 24717 24718
0
3 2081 4647 4649 1409 6920 6921 878 13445 13449
0
1 2658 13075 13077
1 1202 6475 6478
3 2819 1122 1124 1235 5741 5745 1152 20557 20561
0
3 31 8871 8875 2749 9689 9693 2840 23439 23442
1 625 18389 18393
0
4 1770 5583 5587 1776 13938 13941 2800 14227 14230 2239 21183 21187
4 1452 1934 1938 1534 15049 15052 2239 17393 17394 1377 24451 24454
1 1627 1176 1177
1 188 8253 8255
3 888 17270 17272 2008 19629 19633 1211 25053 25054
1 2157 6703 6705
2 2421 16019 16021 1719 23585 23587
4 56 3598 3601 2380 4928 4929 1657 9183 9186 1906 15152 15156
3 2650 402 406 1543 6308 6311 2020 23267 23268
3 494 11406 11409 1556 12080 12083 126 20574 20576
1 535 11644 11646
3 757 3144 3148 102 4923 4925 1819 16183 16186
0
1 1083 22525 22528
2 2883 8159 8163 566 13021 13025
2 2463 10292 10293 340 19825 19829
1 1561 3079 3081
1 1268 5903 5905
2 1807 5439 5442 375 14391 14394
2 627 2545 2548 2732 6277 6281
1 1975 3970 3974
1 12 15605 15606
2 2192 200 202 281 13787 13791
1 1085 23563 23564
4 1262 5486 5487 1588 5789 5790 2702 9790 9792 323 15831 15835
1 675 5065 5068
2 2187 10623 10627 898 19700 19702
1 2046 24923 24925
2 2205 5386 5387 2401 24666 24668
4 1305 50 54 1536 6326 6327 880 9117 9121 2032 24121 24122
3 91 15617 15618 1456 21959 21962 2211 22109 22111
1 2167 3788 3789
0
0
2 1902 8735 8736 2303 12320 12321
0
1 2014 15795 15798
1 2052 12148 12151
5 1214 1567 1571 2070 3367 3370 2313 4414 4418 40 8892 8893 1320 16115 16118
2 1686 18217 18220 1542 22910 22911
1 2539 9082 9085
1 196 3041 3043
2 289 2078 2082 2896 8020 8021
0
3 1725 9900 9901 1658 14880 14882 2319 22860 22864
1 1168 14722 14725
0
1 1527 7552 7553
0
1 1110 2572 2576
0
4 1529 16449 16451 43 19087 19091 200 20224 20228 938 24335 24336
0
3 2206 7847 7850 997 11566 11567 409 24092 24095
2 1627 5509 5513 958 21723 21725
3 797 5711 5714 511 18995 18998 134 22145 22147
2 2968 10208 10211 2057 18496 18497
3 2220 4333 4336 1024 5976 5978 861 24299 24301
1 1043 1040 1044
1 1096 20865 20867
1 194 6906 6910
2 2395 7013 7015 393 21176 21179
2 720 8126 8129 319 17066 17070
0
1 1115 3747 3748
4 1590 6998 7002 2322 10901 10904 2764 16263 16267 1284 19711 19714
2 1000 6059 6063 765 7518 7520
1 2575 299 300
3 1872 10285 10288 1191 18061 18062 650 23903 23907
1 1330 22431 22433
4 421 2900 2902 2924 4621 4622 587 22532 22533 696 24589 24593
2 1945 3462 3463 2157 15906 15908
0
1 2136 2705 2709
2 267 155 159 1593 23715 23719
1 369 22556 22559
1 421 20790 20792
2 1478 8695 8697 1309 18871 18872
0
1 906 21975 21976
2 689 14005 14009 105 16714 16716
4 2649 744 748 556 1222 1223 1079 6222 6223 1898 20940 20942
3 1569 9579 9583 862 17961 17963 1335 22259 22260
1 2191 2687 2688
0
3 154 5610 5614 403 7156 7159 2041 18562 18565
1 2156 13720 13723
0
2 20 13288 13289 1150 17773 17776
0
0
0
0
2 2634 16650 16651 155 21096 21099
2 1441 15684 15686 1256 23756 23758
0
3 906 11947 11949 1102 18928 18929 2466 23777 23780
3 1509 8491 8492 2881 15483 15485 2635 18793 18797
2 1764 14667 14670 120 16005 16009
2 2819 4085 4088 988 7197 7199
1 2962 570 573
1 77 14923 14926
3 2533 2362 2363 762 9433 9437 1050 13977 13980
2 1464 1242 1244 1796 5249 5250
2 1817 548 550 833 5136 5140
1 2731 5270 5271
2 733 5244 5248 1920 23857 23858
2 590 7531 7532 2783 10883 10887
4 857 6591 6592 2356 9311 9313 1005 17898 17901 1584 24561 24563
1 1340 16083 16084
0
4 2403 12668 12672 2352 13824 13828 2503 15676 15680 2070 20468 20470
2 1459 3494 3496 26 23601 23602
2 794 4908 4910 1372 14506 14509
1 2944 15704 15708
1 551 12171 12174
2 1146 18617 18618 395 24788 24789
3 2255 7483 7484 1308 17540 17542 2886 22696 22700
1 2654 12021 12023
1 771 230 233
0
4 294 11496 11500 2474 17937 17939 290 18521 18522 1251 23204 23205
1 1160 2341 2344
0
0
2 1987 9947 9951 2009 23668 23671
1 1827 137 141
1 329 24056 24058
1 2997 15788 15792
3 1135 8606 8609 350 10533 10536 552 23932 23935
4 2340 5001 5004 498 6553 6554 2310 15770 15772 249 21451 21455
3 872 696 699 2347 7920 7924 1465 23545 23546
1 845 14808 14811
2 2845 18450 18452 174 22452 22455
3 1493 3038 3040 2262 11537 11539 1556 13051 13055
2 2088 2893 2896 150 16086 16089
1 341 10235 10237
2 423 8984 8986 179 15117 15119
2 1965 3083 3086 969 9779 9782
3 1284 10666 10668 1937 14092 14094 2388 18250 18254
4 2028 2118 2120 1507 20219 20222 996 20816 20819 1527 21294 21295
0
0
3 1116 9381 9385 168 13056 13057 302 22223 22224
2 1337 2327 2328 302 11568 11571
1 2809 1726 1730
1 1865 7402 7404
2 2120 19200 19202 487 20442 20443
2 2085 546 547 2761 20076 20077
1 1158 2737 2740
2 57 11593 11594 2710 21078 21081
2 2290 3842 3845 2755 16768 16772
2 620 10558 10560 2321 16030 16034
2 2683 1072 1076 2514 21337 21341
1 2836 767 769
0
1 2129 10281 10284
1 1040 13229 13230
0
0
2 2508 2612 2614 1817 25104 25105
2 1879 12154 12156 916 25001 25005
3 903 9542 9545 654 11182 11184 1398 19353 19354
3 1129 4241 4244 1302 13421 13423 1486 13556 13560
3 1279 4152 4153 805 18411 18415 816 23341 23342
3 2028 1013 1015 2297 14966 14968 1834 23248 23249
1 735 25070 25071
0
1 1721 2354 2358
3 2927 951 955 162 10598 10600 2192 17359 17363
1 1598 17923 17924
1 2851 4579 4580
3 153 9104 9108 2750 22871 22873 2669 24620 24621
0
2 1474 700 703 2588 11978 11980
1 2785 3603 3605
0
0
1 2728 7477 7479
1 1437 7659 7660
2 2558 10370 10373 2790 22113 22116
0
2 2880 16283 16285 2757 23556 23558
3 670 2961 2965 252 17344 17347 605 21348 21351
2 1073 2261 2263 307 24769 24771
1 1211 14054 14058
0
0
4 1699 2142 2146 1829 14430 14431 292 18865 18868 319 21219 21220
2 1495 9804 9808 677 16554 16557
1 1712 21127 21130
3 1479 3134 3137 2447 14986 14988 2007 20051 20054
1 2488 1009 1012
1 1822 329 330
4 2086 1805 1806 1440 10790 10791 2754 17657 17660 1296 21448 21450
2 982 1305 1306 769 23047 23048
2 343 1055 1059 999 7977 7979
1 835 15738 15742
3 2218 11021 11025 1184 16098 16099 2793 22866 22867
2 1099 6471 6472 1568 10592 10595
1 2005 24990 24993
2 2607 16477 16479 2175 23313 23315
0
1 2081 5546 5547
0
1 1721 1520 1521
2 312 4677 4681 2098 12176 12180
1 2118 6607 6611
3 1746 778 782 1454 1736 1737 2844 24484 24487
1 1985 12972 12975
3 2547 726 727 2065 6856 6857 1056 8797 8801
0
1 2121 194 195
3 188 4101 4104 1897 7049 7052 1298 9092 9095
2 513 14179 14181 2763 16308 16311
2 1396 11541 11543 2822 20620 20624
2 2661 9097 9101 2047 23841 23843
4 2546 18294 18295 727 18945 18946 1411 20235 20239 130 21157 21160
2 1658 19441 19444 2681 19777 19780
1 2816 8325 8328
2 962 19608 19612 1688 24394 24397
3 1253 7888 7892 1503 8418 8421 1663 14689 14691
3 1409 6689 6690 2070 13735 13739 2114 23059 23063
1 1476 8424 8428
1 827 8234 8235
2 1335 16773 16776 378 22267 22270
0
0
0
1 1674 2192 2195
3 2050 793 794 1056 13429 13433 105 22582 22584
3 1840 8707 8711 2672 17037 17039 2712 21914 21916
3 1569 6226 6227 897 9611 9612 653 19339 19342
1 1217 8732 8733
1 1803 17477 17479
4 2724 2519 2520 2496 6252 6255 133 21702 21704 2918 21733 21737
2 1177 4801 4803 604 17549 17552
0
1 2463 23009 23013
0
1 1998 7149 7152
4 1506 1080 1083 728 4683 4684 116 12852 12853 2599 12924 12925
2 571 2235 2237 2878 3994 3996
0
2 2730 2476 2478 2482 15992 15993
1 2605 7182 7184
1 2146 15315 15316
1 2921 4133 4137
4 1964 2854 2857 1289 4859 4862 1046 13170 13172 1249 22158 22160
3 1231 12483 12484 750 19457 19461 324 20003 20004
0
0
4 2093 8319 8322 2050 10470 10473 176 21343 21346 220 24173 24175
1 1226 17759 17760
4 2771 8895 8899 2220 12348 12349 2126 22875 22876 2122 23648 23651
2 2501 16843 16844 2901 18547 18550
4 687 9499 9503 1734 11489 11492 322 13108 13109 422 24662 24663
1 2530 11083 11084
3 2339 3822 3826 2670 14906 14909 2610 19491 19493
1 2578 23322 23325
3 620 8536 8537 931 12764 12767 1484 16143 16144
1 2640 7377 7378
0
1 2693 5536 5539
3 2939 3873 3876 316 9489 9490 2135 13149 13151
3 105 4002 4003 676 14742 14743 2021 19070 19073
2 2135 1872 1873 1765 24684 24687
1 2868 15764 15766
0
0
1 1596 3573 3577
3 178 3862 3865 823 12888 12891 708 17029 17031
0
1 877 17681 17683
1 1192 2029 2032
1 587 915 917
2 1122 9684 9687 2245 13069 13071
2 1630 2162 2163 1046 17706 17707
0
3 1381 5364 5366 1533 12874 12877 2587 22331 22332
2 1167 17653 17656 91 18693 18697
1 1590 19678 19679
2 282 5735 5739 306 17580 17582
4 426 653 657 2397 1136 1137 1963 6727 6729 1875 19971 19975
1 1139 24204 24208
3 350 1150 1151 422 5470 5473 2061 14373 14376
0
0
3 1393 12660 12664 2463 19838 19839 1876 22612 22614
3 412 4399 4403 555 15180 15184 2303 16139 16140
0
1 2318 23181 23185
2 1779 3537 3541 1922 16444 16445
1 1573 669 673
5 51 494 495 626 7818 7819 721 8444 8446 2098 10933 10936 237 21864 21865
3 2649 2587 2589 1804 3987 3989 2140 12290 12293
1 900 13821 13823
1 1736 1716 1717
0
3 2529 770 774 1709 21576 21579 261 21955 21958
1 134 3982 3983
1 1322 19692 19693
3 2476 2406 2410 1158 6514 6517 742 9954 9957
0
4 2436 10143 10147 1785 10847 10848 2828 13320 13323 2155 20070 20072
1 1266 12334 12338
1 292 2346 2348
2 2997 4222 4223 807 7288 7290
3 850 2919 2920 598 4980 4984 561 17122 17123
1 1957 18214 18215
1 1459 4262 4263
1 802 6404 6408
0
2 1178 22065 22069 1823 22670 22673
2 269 3681 3684 1858 11358 11360
3 121 18429 18433 276 23237 23238 1923 23536 23540
0
1 1142 12510 12511
3 200 18656 18660 2772 21014 21017 2921 23148 23150
1 1558 14012 14016
1 924 11339 11340
1 1605 15573 15574
2 1192 6768 6772 1895 16866 16870
1 756 21986 21990
1 2496 14871 14873
2 2978 13831 13834 2738 16756 16759
1 256 16508 16510
2 2423 7906 7910 1938 13017 13019
1 2752 11315 11319
1 2377 16535 16539
0
3 1391 5420 5424 1319 11452 11453 957 21699 21701
1 630 8238 8239
2 199 16927 16931 2418 21825 21828
2 1852 7842 7843 939 23376 23378
0
3 1566 16748 16752 114 17406 17410 2769 22919 22920
1 1968 13743 13746
1 2275 4430 4433
0
3 2259 511 513 1716 2569 2571 1758 10777 10778
2 65 5236 5240 519 6657 6661
2 949 14993 14996 2647 18576 18578
3 612 1391 1394 1927 13232 13234 1434 19519 19522
1 3 21694 21695
2 384 9415 9418 2404 17647 17650
4 1147 14067 14071 1477 22459 22463 1855 23434 23435 1009 24101 24102
1 1654 17440 17442
2 815 3254 3255 2156 11623 11627
2 1774 10615 10619 2001 24502 24503
3 2931 7927 7931 1186 11000 11004 776 13011 13013
0
3 232 1493 1497 453 3638 3640 2005 22942 22945
2 1225 3780 3783 1934 17567 17568
2 2790 15412 15414 822 16492 16495
2 179 20796 20798 2661 24876 24877
0
2 2561 14939 14942 2346 20354 20355
1 413 21511 21513
1 2224 4075 4077
2 1481 3805 3807 1300 22577 22580
3 2712 275 278 1833 16044 16048 1542 19586 19589
2 2448 525 529 1628 14927 14930
0
1 1317 2223 2224
0
3 411 3294 3298 1214 4939 4941 2362 9228 9229
0
0
0
4 1133 11958 11959 2063 13471 13473 1093 21382 21385 2417 22196 22198
1 1684 15846 15850
2 873 18162 18164 1957 20911 20913
3 759 15320 15323 39 15852 15856 2694 24740 24744
0
1 759 24987 24989
1 2422 3608 3610
0
0
2 2715 3419 3423 666 11239 11242
3 239 3152 3156 932 3518 3520 1591 9538 9539
2 2147 10862 10866 555 15487 15491
0
3 2550 1820 1823 2200 15082 15086 1449 17026 17028
0
1 1389 8463 8464
1 272 7485 7487
1 435 3967 3968
2 717 10518 10520 2086 23659 23660
1 2435 22757 22759
3 360 3119 3123 2503 6135 6136 1928 17381 17383
4 2434 2949 2952 1009 7445 7447 104 23446 23449 2446 24711 24714
1 1484 21132 21134
2 1349 11862 11864 523 15223 15226
0
1 2980 12724 12725
1 189 641 643
4 2975 12364 12365 1173 14552 14556 1371 16463 16466 1430 16811 16814
1 496 5768 5769
1 548 2453 2456
3 1669 556 557 2518 10806 10807 2257 19897 19900
4 2425 15640 15643 384 17720 17723 515 19453 19455 2554 24754 24758
1 610 23021 23025
1 2673 14346 14350
2 2015 11219 11220 864 15443 15446
4 1239 536 539 2677 11814 11815 2518 11953 11954 160 22896 22900
0
4 1435 5848 5850 2061 11998 12002 1593 14877 14879 2482 18226 18230
0
2 2217 15638 15639 2353 23559 23560
3 1183 8290 8291 214 18784 18788 111 24835 24839
2 442 8831 8835 2504 22654 22657
1 397 8341 8342
1 1741 23153 23157
2 1755 8439 8440 2824 19386 19388
1 2793 7460 7463
3 1111 4080 4083 1530 8167 8168 91 20848 20849
2 2805 6747 6748 1649 24053 24054
2 2797 294 295 2759 4658 4660
1 1466 22172 22173
3 2181 3409 3412 1852 11434 11438 844 19039 19040
0
1 448 15728 15732
5 2768 1299 1301 1419 4422 4426 2845 8270 8271 563 9123 9126 1552 16505 16507
3 2475 3947 3951 1503 23092 23096 677 23938 23940
1 264 15965 15966
1 491 17150 17153
2 629 7991 7992 1547 10830 10832
1 522 6011 6013
1 78 8589 8592
2 2455 7137 7141 484 24387 24388
2 2190 3785 3787 2743 5038 5042
2 2627 13814 13818 2004 23357 23361
2 701 2052 2054 2675 10771 10774
3 2175 1547 1548 2718 7125 7128 2421 24940 24944
2 2363 14047 14051 1169 16050 16051
0
2 990 9398 9401 1515 16830 16834
1 1134 6072 6075
1 2754 22998 23000
5 1994 5651 5655 1534 8111 8113 456 13874 13876 2922 14493 14497 763 17097 17098
1 2591 15277 15281
4 652 9015 9019 2969 9599 9601 1984 18641 18645 2218 22590 22594
3 1553 14127 14129 1733 20640 20643 2246 21480 21481
0
2 1567 900 901 1060 7747 7748
2 2451 1703 1706 712 4096 4100
3 328 14328 14329 1194 15492 15495 799 17919 17920
1 2657 24906 24910
3 53 8845 8847 2094 10181 10185 526 22665 22666
0
1 969 7375 7376
3 2409 2035 2036 2720 18949 18952 2051 22739 22741
4 919 1078 1079 1047 5219 5220 1067 5807 5809 1192 14476 14479
3 1048 5516 5520 763 7100 7103 2114 17755 17756
1 1911 6292 6296
1 153 13378 13379
2 756 635 639 163 5295 5297
0
1 180 3704 3705
0
0
2 1137 13886 13887 1756 20658 20661
2 1059 2650 2654 966 22681 22682
2 2597 4160 4163 2575 7034 7035
0
3 1565 16826 16827 2842 22904 22908 2128 23133 23135
1 2851 14830 14833
1 2571 13143 13145
1 2697 16328 16330
0
2 2144 10973 10975 660 22552 22553
3 2004 223 226 143 2604 2608 325 9324 9328
5 1191 4327 4331 2076 4357 4359 1846 11758 11761 41 23290 23294 958 25084 25085
0
2 462 14527 14531 2096 24581 24582
3 2729 3838 3841 1858 18766 18768 787 23084 23088
2 393 11939 11941 2660 20937 20939
3 2282 10452 10456 1612 23250 23251 1815 23929 23930
0
1 633 9283 9287
3 2373 14166 14170 2026 14481 14482 278 21056 21058
2 1427 4258 4259 2548 13515 13517
2 1682 8518 8521 1627 15339 15343
2 610 20586 20589 185 24268 24272
2 1150 2536 2537 698 4348 4351
2 1589 18633 18636 719 22440 22441
3 1352 1357 1358 552 10196 10199 83 19517 19518
2 1237 1712 1713 1350 12512 12516
1 172 9358 9360
0
3 2669 1060 1063 1889 5992 5994 321 16276 16280
1 2937 15883 15886
2 2121 9965 9969 277 24681 24683
2 269 7572 7574 2380 22371 22372
2 950 10564 10566 2665 15985 15987
2 898 1193 1194 2531 22703 22706
6 2428 797 800 894 1841 1842 1106 3055 3058 1558 15584 15587 577 21333 21334 596 23115 23119
5 119 12251 12252 1578 12434 12437 1478 13036 13039 1563 20667 20669 1919 24849 24852
2 1299 7973 7975 756 23255 23257
1 2177 16345 16348
5 745 1273 1276 1295 4394 4396 2337 4548 4551 1722 5427 5429 80 15548 15549
2 548 12994 12998 1467 17544 17545
1 1914 24706 24710
0
1 492 1145 1146
3 467 6588 6589 1898 19905 19908 5 23473 23476
2 2117 17988 17989 174 21583 21587
2 2757 21112 21113 2138 21782 21783
3 676 6338 6340 787 6496 6500 1416 7912 7914
2 1131 12005 12007 1992 16418 16420
1 908 4831 4834
5 1253 2936 2940 939 5095 5096 588 15955 15957 2013 18529 18533 1944 24777 24779
3 1494 3548 3552 2274 4339 4341 706 12076 12078
1 1198 18608 18612
4 2100 4274 4275 1045 6651 6653 1237 12761 12762 2019 17613 17615
2 2040 3890 3894 2704 15303 15306
0
2 411 2808 2811 1300 3508 3512
0
1 61 10898 10899
3 2195 3337 3339 124 18937 18941 1557 23417 23420
2 815 17112 17113 437 22977 22981
3 2359 2239 2242 899 15533 15534 1603 24735 24739
4 329 9034 9035 217 9458 9459 1772 15612 15616 1342 16743 16745
3 2268 2471 2472 1947 10313 10317 1433 20029 20030
2 2038 15015 15016 907 20254 20255
2 905 8522 8526 1745 25056 25058
2 1884 17278 17280 1224 21246 21247
4 776 6601 6603 631 10084 10085 1265 18712 18715 2229 20803 20804
2 962 14989 14992 5 22514 22517
1 718 17497 17500
0
1 375 16057 16058
3 1638 358 360 2904 2878 2879 2617 11678 11681
3 1224 2131 2135 2964 10402 10404 215 16949 16950
1 2527 17329 17331
1 458 8544 8545
1 1950 19603 19605
3 2822 1409 1412 2128 4188 4192 1844 24340 24344
2 1356 4230 4233 1556 22686 22689
3 158 956 959 1 7236 7237 2603 10768 10769
2 1040 6390 6391 2340 17741 17742
1 2722 2216 2220
1 1937 8902 8905
2 191 14446 14448 287 20167 20170
2 1441 6315 6318 920 9847 9848
1 658 17711 17714
4 2262 8356 8358 888 11478 11479 250 14088 14091 2583 16724 16725
1 823 1582 1585
3 1185 13667 13668 2322 20414 20415 676 23882 23885
1 686 114 117
3 2289 2697 2699 2258 24258 24259 1694 24868 24872
3 2695 324 325 2135 18223 18225 1920 24555 24557
2 1634 6334 6335 1095 17292 17295
2 859 15344 15348 1083 17468 17469
3 2836 20104 20107 85 23280 23283 866 24750 24753
1 2866 19832 19835
2 2951 18647 18649 2446 22751 22753
2 1957 1920 1924 1808 3132 3133
6 1123 6139 6142 1262 7174 7178 166 10377 10380 1576 11595 11597 83 12228 12231 461 15366 15369
1 1937 23736 23738
4 1610 5416 5418 1840 7711 7712 442 13636 13640 998 16355 16359
0
0
0
2 2250 1018 1020 1019 2156 2158
0
0
2 1734 9942 9943 2572 12692 12695
0
3 1283 13994 13997 2979 16719 16721 1188 22133 22137
0
4 2007 9405 9409 1464 19933 19934 1115 23424 23428 2758 24812 24815
4 2126 2446 2449 685 4687 4691 1371 9878 9882 2544 12953 12955
2 566 8095 8096 662 18234 18238
2 2014 14848 14852 61 24150 24153
0
1 377 4574 4576
1 2193 23786 23790
4 1044 11465 11466 1622 15567 15569 1461 18102 18106 2014 23480 23482
0
0
0
1 747 23227 23228
3 1367 3847 3849 2420 14610 14612 1850 16221 16224
0
2 61 10953 10955 1604 15038 15042
2 925 1914 1918 1383 22008 22012
0
4 1769 1707 1710 1971 9303 9307 812 21978 21982 2853 23527 23530
2 2492 9129 9130 1607 10681 10683
0
0
1 282 11550 11551
2 1829 4738 4742 687 10033 10037
3 1019 6463 6467 1592 13324 13328 1318 19783 19785
0
1 2394 882 883
0
0
3 1425 618 622 1927 1414 1417 235 16780 16784
0
5 2311 8811 8815 1482 14158 14162 814 16288 16291 2756 17570 17572 1156 20453 20455
0
1 897 5018 5019
1 1190 20695 20696
1 2357 22880 22881
1 1717 16541 16544
2 1993 9895 9899 2680 13411 13414
0
1 2128 19483 19485
1 1109 10410 10413
1 75 15194 15195
1 1483 6556 6559
2 59 1572 1576 2945 16815 16818
4 484 1980 1984 2366 9628 9631 1955 17049 17050 606 22570 22572
1 1954 4488 4489
3 686 7700 7701 2121 13915 13917 529 18476 18479
0
1 2957 14035 14036
3 1749 19135 19136 2489 19752 19756 1130 24640 24641
3 1864 3803 3804 1303 5939 5940 1797 10529 10530
2 596 15949 15951 1007 22809 22810
0
1 2701 1111 1115
3 2265 7497 7498 2088 14252 14253 298 15786 15787
4 1175 7019 7022 424 10266 10270 263 17852 17856 532 23889 23893
0
3 2582 7896 7899 604 19869 19872 50 24098 24100
0
1 71 5948 5952
3 1255 9314 9318 2652 11262 11265 1441 12748 12751
1 2193 23036 23037
1 751 22165 22169
1 1252 12781 12783
1 1673 19146 19149
2 668 15298 15299 1729 16470 16471
1 291 2725 2727
1 1935 4354 4356
4 2477 865 867 1914 1852 1856 2152 8880 8882 2003 14572 14573
5 1054 1109 1110 1888 7982 7983 180 11505 11508 2955 14331 14334 801 19535 19537
1 1000 23016 23019
3 2413 15292 15296 1521 18011 18014 438 23287 23289
0
3 1515 8372 8375 2704 12947 12951 1498 21868 21870
2 1128 7827 7828 2068 22890 22893
0
2 999 18038 18042 2914 21674 21675
1 1662 15266 15267
4 2170 7025 7029 1633 11483 11484 2390 15017 15020 2375 16458 16462
1 1449 20634 20638
0
0
0
2 497 5897 5900 1759 9476 9478
3 1019 6146 6149 1719 12712 12716 2408 22130 22131
1 160 7653 7655
1 622 22721 22724
4 2149 859 862 111 2373 2375 2782 6762 6763 1215 17424 17428
2 1062 910 912 556 13754 13757
1 1718 12088 12091
5 456 1732 1734 1755 1910 1913 2977 11328 11331 2965 21359 21362 2091 24764 24765
1 2332 11086 11089
1 2022 8488 8490
3 938 4272 4273 1963 6801 6805 709 15002 15004
1 31 9442 9443
1 194 3258 3262
2 1196 18202 18206 1 21529 21531
1 2438 15876 15880
0
1 1442 16090 16091
1 1380 17815 17819
1 499 9261 9264
1 1412 472 474
3 2233 8540 8541 33 12807 12809 2795 12938 12941
1 2983 24772 24775
1 1495 19101 19102
0
3 122 9252 9253 643 17231 17234 159 21569 21571
1 2662 1953 1956
1 611 17592 17596
0
3 2307 13167 13168 850 19367 19368 840 23429 23431
0
0
1 849 22232 22236
3 2166 1102 1106 1096 8382 8383 1600 22639 22640
1 64 21153 21154
2 433 15336 15338 70 22691 22692
2 1042 5630 5631 2245 6707 6711
2 670 3768 3769 1991 10390 10392
1 453 23029 23033
0
1 1667 5078 5079
3 872 3398 3401 1640 13101 13105 1969 22419 22422
0
1 2252 13331 13335
0
0
1 2033 11426 11428
1 43 20315 20318
2 2780 7916 7917 390 9711 9715
0
2 2561 15804 15807 316 24210 24214
2 507 987 988 1127 23105 23107
2 2719 924 926 1060 20516 20518
1 2092 13033 13034
0
1 678 3171 3172
1 664 19810 19811
4 475 2092 2095 1054 15282 15285 1414 22177 22180 1336 23521 23524
2 1346 12302 12305 2194 20653 20655
3 2418 553 555 389 7713 7717 1940 22200 22201
1 2500 10734 10737
2 1435 9602 9606 1530 12024 12028
1 2677 19937 19941
1 2480 18751 18754
6 1541 1212 1215 717 6091 6094 517 13485 13487 1756 20079 20080 2088 20262 20266 1893 23655 23658
0
1 543 4528 4532
1 1982 24078 24081
0
0
1 288 24491 24492
0
1 746 4781 4784
1 1482 14678 14681
2 2316 3795 3797 1668 6392 6396
3 1536 4876 4879 2542 17306 17310 846 24629 24631
3 744 7567 7569 2121 9909 9912 415 12988 12990
4 292 7333 7335 2874 14726 14727 1578 17432 17435 365 20279 20281
0
3 1429 3729 3733 2774 5277 5278 2934 16525 16528
1 1473 20549 20553
2 1352 7340 7344 1133 18140 18143
0
1 2923 21679 21683
1 2713 10876 10879
3 1571 1515 1517 1149 15838 15842 2945 24595 24597
3 2768 9572 9573 1368 20307 20308 308 22239 22241
1 852 9145 9148
2 2406 19570 19574 1436 21190 21192
3 803 12269 12271 2329 18073 18074 1465 20677 20681
1 732 3895 3898
4 2319 82 85 1118 287 288 248 14919 14920 1973 20869 20871
0
2 357 9445 9449 471 19165 19166
1 589 6048 6050
1 845 17213 17217
4 641 1133 1135 1012 19205 19209 2768 22248 22249 2123 22437 22439
2 2603 6890 6891 2745 8394 8398
1 2901 5866 5868
1 2458 17606 17610
3 426 13373 13374 1107 23672 23673 347 25034 25038
0
2 1959 2232 2233 691 23988 23992
1 897 12182 12183
3 1915 8642 8643 250 14098 14102 2562 23213 23217
2 1902 6960 6962 2029 9981 9985
0
5 188 587 590 2382 4865 4867 2700 5158 5161 2526 11311 11313 811 22006 22007
3 1701 7731 7733 2717 20063 20066 720 22043 22046
1 619 17686 17690
4 1972 1232 1236 1447 5591 5595 817 11413 11416 620 16577 16578
0
3 737 13182 13186 1486 13568 13570 248 24245 24249
1 2487 1096 1098
1 204 7328 7329
4 1017 1680 1683 2679 15565 15566 991 17074 17078 291 24482 24483
1 662 1827 1829
3 2271 11733 11736 1036 21524 21528 597 22050 22054
2 2910 9021 9025 2455 13137 13139
3 2505 7466 7467 945 20521 20523 874 22791 22793
0
3 2839 14514 14516 2356 20031 20034 1277 23464 23468
3 2997 6987 6991 2576 12425 12428 2382 23327 23331
2 2033 6714 6717 1352 7293 7296
2 76 13316 13317 198 24624 24627
6 2898 189 191 667 215 216 2616 7076 7078 76 17379 17380 1820 19665 19666 455 19705 19707
3 1552 3716 3717 2804 17625 17628 507 24745 24746
1 1652 13063 13066
2 1161 7491 7493 2437 19961 19965
3 1192 12864 12866 2514 15055 15058 689 17844 17845
2 2436 10548 10549 1008 24974 24978
3 907 7309 7313 1035 13450 13451 220 18743 18744
1 1004 21196 21200
0
3 1114 3248 3252 104 4900 4904 2940 15430 15431
4 1927 4796 4798 1226 5723 5727 85 14116 14120 522 21167 21168
5 139 2691 2694 2860 5456 5460 1260 5814 5818 1910 14062 14064 562 18319 18321
4 2574 460 464 1178 6957 6959 465 10167 10168 1699 24215 24216
2 985 4015 4017 1205 20980 20984
1 1629 1527 1530
2 1265 12233 12235 2687 22348 22351
0
0
3 2464 16159 16160 2470 16253 16254 1702 22016 22017
2 2084 21242 21243 67 24125 24128
1 727 21180 21182
4 240 3270 3273 789 10150 10154 973 19883 19884 1605 20459 20461
0
1 2617 24030 24031
2 697 14292 14295 1785 24550 24553
3 2968 1615 1617 153 18904 18907 1031 20013 20015
2 1195 5318 5319 2953 16079 16080
0
2 2328 5615 5619 635 7473 7475
1 1900 19278 19281
0
0
3 453 9746 9748 1457 20294 20295 1567 20386 20390
4 1656 14754 14758 794 15825 15828 1879 18593 18594 1862 22162 22164
1 121 22449 22450
0
2 1428 8365 8368 1886 9197 9198
0
2 1953 11842 11844 1139 18650 18653
2 2883 1868 1871 2373 16728 16730
0
2 2492 21711 21714 747 23387 23389
5 2031 2278 2282 1796 8173 8177 1915 18516 18517 210 22339 22341 1251 24252 24254
1 567 2171 2173
3 2765 4536 4537 1789 21000 21003 1936 24671 24672
2 913 4841 4844 169 19550 19554
1 1601 4664 4665
1 1655 19488 19490
4 2316 7470 7472 462 9648 9650 1184 18637 18639 219 25129 25131
1 1231 3585 3588
3 2795 2 6 1662 4936 4938 2681 16914 16915
3 7 5623 5626 462 11369 11373 1091 17616 17617
3 2944 29 33 1506 2116 2117 2416 13691 13694
5 111 705 707 894 12915 12918 605 14424 14428 99 19496 19498 2917 19502 19506
0
2 1322 11169 11173 2382 22442 22443
1 742 21589 21590
0
1 391 21623 21624
2 2526 1749 1750 838 21407 21409
2 564 5125 5128 772 19163 19164
1 290 1450 1453
2 1175 5956 5960 2991 10764 10765
2 841 13355 13358 488 13769 13773
2 888 5325 5328 2406 15144 15148
2 2247 14232 14234 575 18483 18485
0
3 1129 3688 3689 972 9073 9077 495 22464 22466
0
2 700 24719 24723 1171 25016 25018
4 1029 12738 12740 813 14594 14595 2196 14737 14740 198 21040 21042
2 2646 8624 8628 1970 18690 18691
3 343 5047 5050 437 12106 12107 1670 13521 13523
4 943 6685 6688 1216 15096 15097 1789 17137 17141 755 20402 20404
1 2234 8699 8701
1 2339 19065 19066
0
4 905 5116 5118 2543 9725 9727 2331 10994 10995 928 24600 24604
2 2161 8506 8510 2988 20273 20277
2 436 15165 15168 2550 18881 18885
1 1609 17806 17809
1 2751 2658 2662
1 342 24351 24355
5 2534 1353 1354 58 15177 15179 2890 19942 19945 244 21174 21175 1158 22503 22506
1 2036 24262 24264
2 2975 2834 2836 2726 7871 7873
1 716 16880 16884
2 1540 4496 4499 636 10200 10204
1 1085 2057 2060
1 1933 12827 12831
2 1742 7634 7638 1923 15385 15387
4 2337 335 336 1267 3447 3449 243 10759 10761 1341 12042 12045
3 1700 17561 17563 639 21441 21445 1837 21475 21477
0
0
2 674 346 349 579 15663 15666
1 1190 13652 13654
0
2 2286 12793 12797 2704 22285 22286
2 1698 2285 2287 1677 9681 9683
2 1620 1793 1794 2328 24759 24762
3 961 5489 5492 2241 8781 8783 190 16530 16534
0
0
1 1403 14894 14896
1 373 18597 18601
1 1856 21846 21848
1 1349 11573 11575
2 1846 17007 17009 2263 18055 18057
0
2 2269 6461 6462 2296 16569 16573
3 1579 6328 6331 865 16376 16379 760 19008 19012
2 566 1067 1068 1657 12157 12159
1 1959 19718 19719
2 961 7229 7232 2771 12496 12497
5 2012 3816 3817 1547 7006 7009 843 8827 8830 1266 15432 15436 2254 22228 22231
1 2359 13988 13992
3 2734 11113 11117 1489 17438 17439 2722 18675 18676
1 2523 10569 10571
3 1693 5802 5805 2376 9232 9236 1291 20946 20949
4 898 3566 3569 132 11510 11513 1037 14734 14735 2740 16270 16274
3 2738 4508 4511 2657 13609 13612 737 22262 22264
4 2914 14136 14137 2786 17398 17400 2072 18417 18419 1710 19992 19996
3 2657 4770 4772 616 9451 9454 140 22494 22497
3 1551 10186 10189 1820 11061 11064 1709 22255 22257
1 2480 7963 7964
3 1912 1297 1298 2975 12323 12327 2361 20438 20439
1 1314 24635 24636
3 37 4146 4149 1887 8344 8345 1912 9977 9978
0
1 1348 24781 24784
0
4 2492 4290 4294 1481 6230 6231 1770 17265 17267 703 20504 20507
3 1929 17826 17827 90 18456 18460 797 23109 23111
2 2754 183 186 67 10949 10950
2 705 11637 11640 2482 17947 17951
0
3 366 5831 5835 1167 6382 6384 2274 22033 22035
1 399 8098 8101
0
0
1 1786 61 63
3 2177 3302 3305 2878 18978 18980 2989 22080 22083
0
2 2372 289 290 2614 10963 10966
0
1 990 7371 7374
2 2244 1026 1030 2382 13594 13597
1 1188 7760 7764
3 1165 12084 12087 653 18408 18410 1592 20723 20724
1 1311 8465 8466
2 1761 13604 13606 2906 20331 20332
1 1282 21083 21087
1 2728 4212 4213
0
0
1 2096 3092 3094
0
0
2 844 729 731 1711 24676 24678
2 336 6111 6112 1640 11560 11562
0
0
0
3 1162 1267 1271 2740 4279 4282 2493 14411 14414
2 2882 25042 25044 575 25118 25122
1 2208 23451 23455
1 2398 23745 23747
1 2568 9557 9559
1 1422 3164 3168
1 2261 24390 24392
1 139 10817 10819
4 1146 1048 1050 2987 9267 9268 1020 13026 13028 2511 13960 13963
1 1799 3901 3903
2 1010 1594 1596 2187 12640 12642
1 1517 11401 11402
0
1 2486 10319 10323
2 1350 8102 8104 2908 18827 18831
2 615 5132 5133 2542 23873 23876
6 1833 3868 3869 1770 4726 4727 740 4942 4946 951 15701 15702 1638 17575 17576 2875 20419 20422
0
1 1008 16893 16894
3 808 3113 3116 2376 15270 15274 2072 19156 19159
1 2502 983 984
2 1343 6434 6438 934 12570 12571
2 77 13726 13729 477 15423 15426
1 1126 19062 19064
3 2570 628 632 2090 16323 16326 1105 16704 16708
2 2566 24897 24899 982 25073 25074
1 24 17144 17145
2 400 20200 20202 2245 24861 24864
0
3 515 8838 8842 1312 9992 9995 2723 10304 10305
2 2081 6016 6018 1340 22101 22104
2 2943 3030 3031 2855 8298 8300
1 2084 7200 7203
3 488 9510 9511 1204 17764 17767 1420 23421 23422
0
2 1841 6098 6102 642 12733 12737
3 825 969 973 1682 7433 7435 2483 23509 23510
0
0
2 2798 1418 1422 1101 7122 7123
4 2517 7500 7503 461 13281 13284 1863 15064 15066 2407 19556 19560
4 363 4813 4815 1587 8964 8968 503 18303 18304 2491 21706 21709
0
2 1609 22731 22732 1868 25078 25081
2 2920 7086 7087 934 11374 11375
1 2725 7527 7529
3 1270 812 816 2842 13540 13543 924 20124 20126
4 2289 9935 9936 1530 15556 15559 435 17249 17252 2005 23706 23707
6 2757 6936 6938 243 8646 8648 650 13187 13190 2039 13676 13680 2370 19306 19308 2523 20086 20090
1 1153 23550 23552
1 1265 5475 5477
2 1472 20256 20260 1315 22561 22562
1 1530 7994 7995
1 1782 5731 5733
1 1491 4947 4951
5 502 8746 8748 1541 10384 10386 239 19081 19082 901 22252 22253 2926 24632 24633
2 1339 18893 18895 1395 23485 23487
1 799 17002 17006
3 2984 5578 5581 2963 6364 6365 1030 12134 12138
1 230 4043 4047
4 2265 1666 1667 304 5400 5404 297 5974 5975 2502 23977 23980
2 300 7559 7563 1715 9833 9837
1 889 15814 15817
0
1 1319 4728 4730
3 1054 5522 5526 2111 5962 5965 814 8456 8459
1 599 18842 18846
1 2496 22947 22950
2 2951 20084 20085 2193 24178 24180
1 577 2971 2975
1 485 2734 2735
1 2128 11379 11381
0
3 1138 11244 11247 943 11685 11689 717 24071 24075
1 1195 11096 11099
2 2274 10190 10193 1805 13578 13581
2 253 3465 3466 696 11472 11476
2 1310 6440 6443 1803 19949 19953
2 2787 19840 19841 1345 23489 23492
1 1257 24417 24420
1 2375 18374 18376
3 531 8579 8582 2012 21208 21212 1736 23981 23985
1 892 22155 22157
1 1682 24890 24894
1 841 9738 9742
2 2908 3287 3291 1050 10004 10007
2 2789 15596 15597 2931 20537 20539
0
3 2638 12275 12277 910 12967 12969 23 18924 18927
3 2917 1816 1819 1229 2584 2585 2800 8273 8276
3 1029 623 627 1079 11198 11201 655 11320 11321
2 2476 5779 5780 1268 8960 8962
0
2 2386 18568 18571 86 19979 19980
4 1023 9532 9534 1524 17935 17936 2879 19769 19770 2116 24961 24965
2 2829 5717 5720 293 9526 9528
2 204 13835 13836 293 14418 14421
1 1499 18352 18354
2 1771 16848 16850 1809 17527 17530
0
4 2728 478 482 2787 1900 1901 2521 4112 4114 1114 19237 19238
3 1938 5530 5534 2363 16835 16839 600 20571 20573
1 1154 67 70
3 686 6386 6387 534 13415 13418 1850 22359 22363
2 2954 7623 7626 340 8436 8437
0
2 2308 20645 20647 2034 21472 21473
0
2 501 19246 19250 1393 21516 21520
1 1833 19762 19765
1 2941 14864 14867
4 1027 365 368 2106 16722 16723 1517 19465 19468 492 22716 22717
1 152 25024 25025
4 2957 14308 14312 971 16429 16430 1824 20886 20888 1273 24702 24703
1 2846 9662 9666
0
0
2 70 17087 17090 782 18955 18957
1 538 13267 13268
1 2361 7773 7775
4 207 9607 9609 610 20364 20368 918 22387 22389 171 24061 24062
1 1627 2000 2002
1 2316 20770 20774
2 2914 1423 1426 1466 2820 2821
1 2726 7856 7859
0
3 2965 929 933 1700 10249 10252 2589 18801 18805
3 1453 1024 1025 205 12237 12238 1601 12903 12907
3 1831 890 894 1755 11019 11020 2397 20172 20176
1 2355 24819 24823
5 190 5273 5275 2159 12120 12123 1002 15900 15904 2585 21091 21094 2525 24013 24014
3 2053 4615 4616 318 21965 21969 209 24955 24958
1 1055 19175 19179
0
2 269 17744 17748 2244 25027 25031
1 2671 8142 8145
1 2713 23469 23471
2 153 5286 5289 1989 19161 19162
1 1756 8638 8639
4 1540 2953 2957 876 4911 4914 2024 15718 15722 1500 21308 21312
2 2853 4105 4109 2814 7735 7736
0
1 1914 1488 1492
1 727 5150 5154
1 2261 5379 5383
0
2 2408 6201 6202 80 19875 19877
2 1750 10838 10839 1753 16822 16825
1 1837 18437 18441
4 1793 1743 1746 1130 11670 11673 534 14962 14964 1077 21392 21395
0
0
3 845 1626 1627 1127 12296 12300 1764 23820 23821
1 2211 24423 24425
3 24 837 841 2586 4493 4494 2394 11185 11189
1 351 11776 11780
1 319 21596 21597
2 2486 22644 22646 880 22964 22968
0
0
2 2629 11309 11310 431 18034 18036
4 91 1631 1634 1162 4164 4166 689 9338 9342 1119 11765 11768
4 1596 1375 1379 2828 3647 3649 2697 5291 5294 2806 23652 23654
2 734 3315 3319 910 16196 16199
1 2040 2718 2721
1 1106 17955 17957
5 770 6562 6566 2199 15464 15465 264 17314 17316 885 21943 21944 1139 22658 22661
1 1194 22959 22960
0
2 209 6492 6493 2704 6826 6829
4 667 4061 4064 830 10743 10745 366 21116 21118 337 24657 24660
2 2684 674 676 1572 7544 7546
1 1140 18670 18671
2 1636 2013 2016 588 6851 6854
2 1042 3764 3767 2962 13404 13407
1 902 17982 17984
2 2995 11139 11143 2992 24314 24315
1 116 15234 15236
1 1806 331 333
3 1085 7998 8000 2105 12926 12930 609 18396 18400
2 1160 5551 5553 1270 11322 11324
0
3 2394 2427 2429 2392 17846 17850 1138 20850 20851
2 856 8033 8037 45 10589 10590
1 1569 13696 13699
1 2481 13619 13621
4 398 2197 2198 2539 3811 3815 335 9066 9070 2968 10938 10939
2 1539 3458 3460 2940 13662 13663
1 2818 19623 19625
2 1308 8136 8140 1806 15528 15531
4 2675 3088 3090 2069 3139 3140 1147 5205 5208 1895 19188 19192
0
4 11 3102 3106 124 6634 6638 642 20369 20372 958 22415 22418
0
3 1555 845 848 1115 9862 9865 1364 11255 11258
1 970 11586 11590
1 350 24798 24801
0
1 1419 10580 10581
0
2 1663 12839 12841 1664 17661 17665
4 104 1262 1263 1874 5167 5169 1951 7776 7778 2989 23258 23259
2 2565 453 454 1842 22708 22710
2 1209 13365 13366 2426 23959 23963
2 2976 3621 3624 1519 12585 12586
2 265 12092 12096 2710 22797 22798
1 2494 7647 7649
1 1020 21937 21940
4 629 11902 11906 1381 12016 12017 1886 12709 12711 1479 15933 15935
3 881 7840 7841 553 18505 18509 1851 21658 21662
1 1992 8738 8740
1 761 7248 7250
2 2454 2123 2127 1994 15672 15675
1 1943 3819 3820
2 647 8311 8315 1074 13780 13781
0
1 1312 14365 14369
1 785 12193 12197
2 1233 5370 5372 1439 10798 10799
1 1080 4545 4547
6 2637 3858 3859 1665 7668 7671 1996 11982 11985 2832 15647 15649 778 15743 15745 1558 24275 24276
2 264 17092 17096 1583 19954 19958
0
1 1044 6357 6361
2 1608 12328 12330 2445 16546 16548
3 680 9276 9280 1842 19788 19789 2152 24084 24088
1 51 1307 1308
2 836 18746 18749 1752 25090 25094
3 259 10894 10895 1254 15736 15737 1926 18757 18759
2 1976 3752 3756 2612 17472 17476
2 2673 5451 5452 2804 14582 14583
0
2 288 11944 11946 1375 14672 14676
1 1170 18173 18177
1 1990 20592 20596
1 1091 392 395
0
1 543 17334 17337
1 462 17876 17877
1 1904 23677 23679
2 2950 21053 21054 1556 21787 21791
3 2731 741 742 2085 14959 14960 200 22835 22837
1 384 16669 16670
0
2 1241 15108 15109 1141 19477 19480
0
2 997 9824 9826 856 23964 23967
2 85 4227 4228 723 4295 4299
2 2293 6694 6695 679 13730 13734
1 1768 10230 10233
1 949 4033 4037
1 536 9221 9225
1 2628 23616 23620
2 2556 2503 2504 2545 8669 8673
0
1 1130 19758 19760
2 1934 6663 6665 1625 24319 24321
3 1422 102 103 513 1555 1558 1201 16217 16220
0
2 1563 5313 5317 2271 6786 6788
1 938 2552 2554
0
0
2 1764 7321 7324 1157 10996 10997
2 2672 1663 1664 2602 12034 12037
2 473 1086 1089 552 15418 15421
0
2 1811 14605 14609 2805 20058 20059
2 1881 6980 6983 1193 13925 13926
3 2535 203 207 586 5110 5112 587 20286 20287
3 1924 12029 12030 1292 14122 14125 601 14215 14219
3 1347 1778 1780 916 7662 7664 2833 21298 21302
0
0
2 2289 9674 9677 2367 24346 24348
1 520 23641 23644
0
0
1 1814 15781 15783
3 2583 1093 1094 986 7365 7369 2621 12728 12730
1 794 14315 14318
3 97 1198 1202 96 14818 14819 153 24305 24308
0
2 472 8148 8152 484 22923 22926
1 2564 12048 12050
2 1566 855 856 1013 2622 2625
4 1834 2800 2804 583 8989 8992 1086 10127 10130 2818 12344 12347
0
1 370 5514 5515
3 2307 2435 2436 924 11533 11534 1231 12384 12388
1 653 8741 8744
1 199 2768 2771
3 2950 531 534 1801 6923 6927 675 23137 23139
1 2739 19732 19734
0
0
2 650 13165 13166 1556 16395 16396
0
1 412 4788 4792
1 1650 22801 22805
4 258 9575 9576 793 12132 12133 222 17517 17518 1628 18262 18265
0
0
1 94 19670 19674
3 2112 6022 6023 2798 13385 13386 1068 24041 24044
1 1008 13243 13245
0
0
3 1162 499 502 2313 4378 4379 1052 18050 18051
1 1472 14360 14363
4 1292 16213 16216 2071 18807 18809 633 21147 21151 102 21822 21824
4 1628 10356 10359 1703 12744 12745 2833 13706 13707 2668 21413 21417
2 2540 2839 2843 2485 20787 20789
4 1194 6086 6090 93 16129 16130 378 23055 23058 2500 23837 23840
1 644 20612 20614
3 283 13644 13648 899 14352 14355 2373 15361 15364
2 1212 5376 5378 486 11633 11635
2 662 8115 8118 1376 15868 15869
2 1289 23318 23320 526 24008 24009
0
1 2077 4039 4041
3 2109 3499 3501 2166 11522 11525 2297 24517 24519
0
1 2849 19999 20000
1 2755 8784 8788
0
3 2293 1765 1767 577 5635 5637 2797 19848 19851
2 283 3914 3918 2251 14684 14687
1 69 5933 5936
0
1 2544 16908 16911
3 2614 991 993 2885 6569 6573 2678 9038 9040
2 1900 1119 1120 1647 18370 18372
1 413 17117 17121
1 2137 14356 14357
2 2116 13782 13784 1038 13909 13911
0
3 133 3184 3186 702 4539 4541 604 19647 19650
2 2757 3562 3565 2012 23813 23817
2 336 13806 13810 453 18402 18405
0
0
3 2483 4589 4590 552 10047 10051 681 19966 19968
0
2 2479 7579 7580 1110 20776 20777
4 2443 166 169 1453 5570 5572 2806 12697 12698 104 17401 17403
3 96 1781 1784 443 9393 9397 2340 10246 10247
2 619 18159 18160 685 19041 19045
2 37 2006 2010 1659 18311 18315
1 1314 22969 22973
2 2734 6416 6420 737 11529 11532
2 542 4435 4439 2576 24038 24039
1 1381 17726 17729
2 478 361 364 2309 603 606
0
1 729 832 834
1 1781 11745 11748
1 572 314 317
4 763 7162 7163 326 13614 13618 1044 16794 16796 2251 20209 20212
3 2498 13276 13278 2687 14212 14214 2190 16596 16599
2 1514 12613 12617 670 24725 24726
0
1 1810 6994 6997
3 2511 3480 3481 510 12879 12880 1531 21741 21742
0
2 2441 1589 1591 2148 12359 12362
2 1844 8030 8031 1925 13005 13008
3 211 15379 15383 1272 15560 15561 480 22544 22547
0
1 2925 5574 5576
1 2504 24409 24413
2 1335 16644 16647 1658 19976 19978
0
4 1779 7685 7687 2342 13160 13164 520 17446 17450 368 25107 25111
1 2015 10652 10654
0
2 2105 9257 9260 2221 16167 16171
0
0
3 314 4773 4775 1305 8676 8678 2717 24232 24235
0
1 1077 24002 24003
0
0
0
0
1 471 5996 5998
2 113 8360 8362 1256 14652 14656
3 2722 4623 4626 2542 8861 8862 1844 22413 22414
3 227 8849 8850 2248 18144 18146 2519 21214 21217
1 1547 16966 16969
2 2100 13125 13128 2004 14644 14648
0
2 270 13553 13555 756 15713 15716
1 2371 23368 23372
0
4 1797 1500 1501 1683 11102 11104 1417 19813 19816 389 21170 21171
2 2665 1371 1374 605 3358 3359
3 629 14107 14108 1605 15171 15173 519 21532 21534
5 2420 1832 1833 68 5035 5037 1106 5215 5216 687 8659 8661 791 24967 24970
5 353 565 567 1045 11579 11583 1243 12100 12102 1597 15863 15866 1332 22914 22917
0
2 1632 3542 3545 113 17830 17833
1 1280 6079 6082
2 949 5043 5046 48 7388 7389
2 77 8198 8201 1726 8378 8381
1 2126 12240 12244
2 667 1186 1190 2726 19510 19514
2 19 7044 7046 1939 18838 18840
0
3 936 5230 5232 2349 20498 20501 1302 23392 23396
1 1600 8086 8087
5 1586 3349 3351 2854 10801 10803 1069 18394 18395 2876 20918 20919 620 24196 24198
2 1811 5028 5030 1606 16975 16976
1 937 1465 1467
0
3 2261 18685 18689 1229 19106 19110 1318 22811 22812
1 246 11105 11109
1 378 192 193
0
3 797 7756 7759 1706 7782 7783 1324 16593 16595
1 793 22119 22121
1 536 16161 16165
0
2 232 3939 3943 727 16972 16973
3 1938 10422 10424 1913 16371 16372 2428 25126 25128
2 741 15687 15691 2777 22364 22368
2 1131 7619 7620 1897 9774 9778
3 2765 5300 5303 2413 14885 14887 1541 23174 23178
0
1 1893 5391 5395
3 472 16660 16661 2154 19722 19724 2284 22632 22635
1 1349 9426 9429
2 93 787 790 1039 8511 8514
1 2716 7244 7247
3 2668 2775 2776 581 20407 20410 663 21611 21612
2 1903 2597 2600 2252 21121 21124
1 483 19681 19685
0
1 2910 15191 15192
0
0
1 1241 24732 24734
3 2234 1002 1005 2951 11855 11859 1513 17858 17859
3 704 14484 14487 2041 18154 18156 265 23622 23625
2 1392 946 949 2222 11916 11918
2 1005 9849 9851 2665 14762 14764
1 1397 15725 15727
3 76 1367 1370 2802 20216 20218 702 22983 22987
1 866 15073 15077
0
0
0
2 1878 10099 10101 1850 19122 19124
1 1766 11556 11557
1 1739 8855 8859
2 1810 4515 4516 1583 20543 20544
3 302 2167 2168 493 19946 19948 1698 23828 23829
0
2 2328 22123 22124 297 22400 22403
4 737 851 853 1571 8600 8602 289 8803 8807 21 16312 16316
3 2037 12342 12343 1717 14512 14513 2599 16600 16604
3 1408 3066 3070 2287 13304 13306 1297 21899 21903
2 2388 7674 7678 1489 13709 13711
0
1 2190 17694 17697
1 844 7166 7170
0
3 924 12893 12895 1760 17124 17126 2005 21135 21136
2 2964 6796 6798 901 11192 11196
0
1 786 12857 12861
0
2 1748 17586 17590 693 22480 22484
0
3 88 10426 10428 2022 13929 13930 2553 21521 21522
1 1789 14840 14842
3 2845 14305 14306 1604 20242 20245 902 24445 24449
1 1624 15458 15459
3 1306 8350 8354 2059 18307 18308 2118 21437 21439
4 814 2764 2766 2731 4567 4570 1367 9168 9172 1965 10086 10090
2 1872 3244 3246 2103 15887 15891
2 2381 3992 3993 432 14039 14040
3 2869 3019 3020 2566 6272 6275 1923 18719 18722
2 86 8041 8042 2477 10307 10309
2 1839 4180 4181 2398 16736 16739
3 583 2459 2463 1477 14404 14408 2639 16689 16693
1 2371 7949 7950
5 308 74 76 228 1694 1698 1928 3878 3882 2848 5559 5563 394 8130 8131
2 578 3428 3432 1043 10486 10489
0
2 1466 19294 19295 417 24883 24886
1 683 10677 10678
2 1475 10338 10341 1746 14326 14327
2 2043 1205 1206 2907 4706 4708
2 1755 13094 13097 2239 14662 14664
1 1523 14141 14143
2 2548 3332 3335 2156 18275 18279
1 2679 14784 14786
1 1528 21839 21842
1 1947 16777 16778
1 2450 21729 21730
4 2543 4837 4839 2956 16886 16890 2534 21064 21065 1600 23916 23918
1 700 13902 13905
1 1713 15355 15359
0
6 2008 36 37 1800 343 345 2545 3442 3443 2472 6305 6307 2707 19288 19292 2478 21011 21013
1 1007 16452 16455
0
1 2524 5883 5885
1 2724 12673 12674
1 2822 11279 11282
1 804 18810 18811
0
5 752 5893 5895 682 7852 7855 416 13702 13703 594 14797 14799 2829 21850 21853
1 2051 21807 21811
1 2442 23200 23203
1 2822 24525 24526
1 2409 19844 19845
1 2907 16932 16936
2 2520 918 922 1392 13042 13043
0
2 1488 8906 8909 2647 15373 15377
3 227 10508 10511 2912 18710 18711 1190 20750 20751
0
1 2057 9758 9760
0
2 2492 19355 19357 2241 24048 24052
0
4 1790 6755 6756 724 12469 12472 1277 13629 13632 1759 24114 24117
2 2253 1320 1324 1850 2098 2101
1 1599 14698 14700
2 1586 7880 7882 2209 13223 13226
2 2431 12008 12012 1561 17324 17327
2 1201 6320 6323 1305 22743 22747
4 119 8662 8666 2310 16560 16563 525 20808 20812 2590 23575 23579
1 1487 7803 7807
0
2 900 5985 5988 2818 7260 7264
2 1420 10888 10890 537 20229 20233
1 428 15113 15116
1 1558 12977 12979
3 438 6781 6782 2878 9971 9973 1331 16958 16962
2 525 6732 6734 2344 21387 21390
0
1 1617 22467 22469
0
1 2608 42 44
1 1070 24727 24728
1 2032 17510 17514
1 1667 12558 12559
0
0
2 702 5254 5257 559 18973 18975
2 1810 7 11 1565 21716 21719
1 1963 14660 14661
3 2762 4819 4823 342 9852 9856 2754 18194 18198
1 1360 12376 12378
3 1814 4895 4897 1853 16175 16177 370 23728 23732
1 2644 18387 18388
3 1494 16798 16800 2357 19881 19882 1778 22445 22447
1 113 8048 8052
5 1578 3266 3269 122 6912 6916 723 9733 9734 2815 16905 16906 106 22072 22076
4 2677 3673 3677 1049 7438 7442 273 20752 20756 701 23274 23276
1 2837 17236 17239
0
2 2039 1218 1219 170 6879 6883
0
3 2007 11048 11051 2630 15237 15239 2915 20565 20567
2 2195 1759 1761 2631 4749 4753
1 2967 21625 21628
0
1 1646 20338 20339
2 1150 561 563 1068 10480 10483
2 866 9761 9762 1363 20119 20123
1 1947 24804 24807
1 2344 16093 16096
1 1221 13682 13685
3 2659 4472 4476 2870 11788 11790 428 25113 25117
2 2668 19405 19409 293 20821 20823
2 2813 16874 16878 794 19271 19275
7 2635 438 439 993 5554 5556 91 10718 10720 766 12263 12265 1733 16672 16676 2368 23664 23667 1510 24144 24146
0
2 804 20298 20299 2913 20716 20719
3 2864 18462 18466 69 18551 18555 2980 20311 20313
2 1061 14534 14538 820 22383 22386
1 2128 1971 1975
0
2 2748 5348 5352 1438 12465 12466
2 316 4384 4386 538 9704 9707
2 1493 1802 1803 1176 9364 9368
2 1686 2814 2818 2403 15188 15189
2 270 3174 3178 760 20732 20736
2 2075 17418 17422 1586 19866 19867
4 1861 6446 6450 604 6885 6887 1906 10644 10646 1859 24224 24225
0
2 779 2924 2925 1771 6640 6642
2 1850 10871 10872 1808 18705 18709
3 1906 8122 8125 2300 13123 13124 2613 20779 20783
3 2314 1636 1640 1945 11079 11082 2611 21605 21609
2 207 8994 8998 2232 22773 22777
0
2 2431 3589 3590 2641 14770 14771
1 839 1671 1674
0
0
4 93 7860 7862 2156 8193 8195 1490 10906 10909 399 23067 23069
1 87 14748 14751
2 1150 6697 6699 1324 15980 15982
2 1247 11878 11880 347 20177 20178
3 1307 196 197 2206 5641 5645 1086 7241 7243
0
2 1799 905 908 2452 22311 22315
3 370 14576 14580 1385 21684 21686 1281 23793 23797
3 2797 7090 7094 942 13877 13879 245 16944 16948
2 1500 4460 4464 2052 19138 19142
1 985 21400 21401
0
1 2672 5495 5497
0
1 352 389 391
1 2269 24359 24362
0
2 43 2480 2482 1889 8772 8776
0
1 2430 514 516
0
3 2941 716 718 224 22650 22653 1306 23708 23711
3 587 4050 4051 2399 4120 4124 879 10823 10824
2 2513 12644 12645 1180 16979 16982
4 257 40 41 1361 3426 3427 158 7838 7839 2793 23026 23027
0
2 1692 20690 20692 2492 23781 23784
2 1822 142 146 640 13201 13205
0
2 2010 17483 17486 2528 18762 18765
1 2072 11352 11356
1 2105 16002 16004
1 2139 6125 6128
2 2709 12983 12984 1141 14149 14150
0
2 120 10172 10174 1501 13460 13462
2 871 18192 18193 1406 19369 19371
0
1 2721 15750 15753
2 1216 1509 1510 1798 18382 18384
1 1327 12578 12580
1 993 10105 10109
2 1929 17822 17823 1259 22217 22219
1 113 14381 14385
6 597 1247 1249 1584 6045 6047 1894 13261 13263 693 18614 18616 2594 18886 18889 1787 21748 21752
1 2879 13115 13119
4 397 1523 1526 2393 6541 6542 972 20985 20989 2904 21460 21461
2 2832 4760 4761 1819 13112 13113
2 1793 5212 5213 2489 16588 16592
0
1 2437 4694 4695
2 1662 15427 15428 1600 21404 21406
2 1243 5409 5413 2025 11934 11938
1 1601 5461 5464
1 386 4634 4635
1 2553 23682 23684
0
0
2 2469 15128 15132 2285 22856 22858
5 58 9056 9057 2424 10278 10279 240 15452 15455 1733 18291 18293 2766 18890 18892
3 1679 3217 3219 1111 3373 3374 409 3475 3478
1 740 8480 8484
3 1003 5336 5340 6 5669 5671 734 11289 11293
1 1015 4254 4257
0
1 1624 15104 15107
2 786 18136 18137 105 21917 21919
2 1318 5877 5879 1288 13214 13218
0
3 2486 6162 6165 2211 9923 9926 1920 10430 10434
2 353 11155 11157 405 17535 17538
3 2727 9078 9081 18 10241 10245 218 22027 22030
2 2638 309 311 713 19316 19319
3 2562 1610 1613 71 9052 9054 2241 18701 18704
3 1557 5080 5084 1104 9048 9050 2326 9859 9860
1 2556 1858 1860
1 2204 21877 21881
1 2562 3110 3112
1 2114 25007 25010
0
1 1101 22606 22609
3 1987 10119 10120 1473 15330 15333 2525 22036 22039
0
1 209 2388 2390
0
2 1278 4778 4779 1654 10542 10546
3 907 3709 3713 2484 7901 7904 2840 21283 21284
2 1951 5143 5146 1505 22598 22601
2 406 7865 7869 211 19361 19363
1 1188 2289 2290
0
1 763 25087 25088
1 2016 7830 7834
4 2215 9567 9570 1345 12759 12760 2408 12909 12913 831 18020 18023
0
0
2 183 18835 18836 1108 23220 23224
1 1695 2211 2215
4 2296 2381 2385 1888 10754 10757 2205 11899 11901 1230 20993 20996
3 2712 7060 7062 2021 18187 18188 7 19048 19052
0
0
1 1130 12774 12778
3 118 1849 1851 2512 10214 10216 2998 23807 23810
3 2577 11799 11802 976 16104 16105 134 17021 17022
1 548 23207 23211
1 1432 3047 3050
0
1 2440 3072 3076
0
2 1576 13291 13295 2438 23161 23164
0
1 1889 16762 16766
1 2853 1386 1388
1 395 303 305
4 1148 110 111 204 1457 1459 2609 15818 15819 77 17504 17508
1 2276 10836 10837
2 1314 3578 3579 2584 19920 19924
1 1971 1881 1884
2 410 8181 8182 2575 22990 22994
3 1776 3439 3440 42 6005 6008 1421 16422 16426
0
1 2237 7505 7508
1 1524 7350 7351
1 2674 1429 1430
3 2268 3633 3634 212 15512 15515 2003 19544 19548
4 1024 4345 4346 1623 8611 8614 1377 10162 10166 1301 20531 20534
2 1779 879 880 1860 1502 1505
3 1812 2274 2277 2745 5031 5032 2145 5543 5545
1 1951 55 59
0
3 801 3159 3162 2238 7068 7072 1524 13194 13198
1 264 8725 8728
1 951 14774 14776
2 2433 1811 1813 1714 10445 10448
2 1023 10574 10578 1067 20881 20883
1 2818 22297 22298
1 2915 10016 10019
2 1075 2968 2969 24 17146 17147
2 124 11691 11694 321 18015 18017
2 2718 5869 5873 2216 12309 12312
3 2044 9309 9310 2578 17490 17493 2915 20684 20688
4 1786 3189 3193 681 8069 8073 790 9786 9787 2304 15969 15971
1 522 3955 3959
1 798 11363 11367
1 326 592 596
1 684 11992 11996
1 438 21574 21575
1 834 23078 23080
3 1542 16710 16711 1048 18990 18991 755 24856 24859
0
0
2 298 4451 4452 15 16486 16490
1 2831 16180 16181
0
0
2 588 8819 8823 2103 14823 14826
2 1151 11545 11546 1581 13440 13441
0
0
2 1368 11159 11162 988 20194 20198
1 482 23074 23077
0
2 2585 240 244 2389 21948 21952
1 2965 16631 16632
3 176 4367 4370 2248 12546 12547 19 16052 16056
1 1185 18242 18246
2 1106 13505 13508 1600 16121 16125
3 1464 18849 18852 1372 19259 19260 2511 24569 24573
0
3 2734 3451 3455 1699 19345 19348 734 23533 23534
2 2995 8081 8083 508 12032 12033
5 2276 3922 3926 1598 7353 7355 1359 18323 18324 744 24220 24223 162 24842 24846
0
1 763 10054 10058
1 340 12506 12508
0
4 634 2787 2790 515 6241 6243 1866 7822 7825 1922 16786 16790
3 868 7512 7515 1131 10656 10658 112 11922 11926
2 2995 7767 7768 2644 13545 13549
1 450 14597 14601
4 2706 506 509 756 14286 14289 551 20431 20435 818 23232 23234
3 111 9059 9063 1071 14079 14080 36 14548 14550
2 1947 13933 13935 746 13956 13959
1 942 13310 13312
5 2443 2883 2886 2907 8978 8980 2857 10782 10786 757 11121 11125 1708 18737 18741
1 2790 4479 4483
3 1913 2336 2339 1905 11910 11912 2686 21666 21667
2 2814 466 469 505 15911 15913
0
1 2657 17414 17417
0
0
1 938 13889 13891
0
0
2 2157 15636 15637 2334 17241 17244
1 2604 1536 1538
0
2 2841 3209 3211 1971 8221 8224
5 2126 1433 1435 2684 7131 7134 2972 12487 12490 227 13067 13068 851 16607 16611
4 1288 12623 12625 510 17810 17814 2673 18735 18736 712 21035 21037
0
0
4 62 5268 5269 278 11014 11017 844 19328 19329 587 24366 24368
1 703 7338 7339
0
0
2 568 10160 10161 576 11388 11391
4 453 3513 3517 264 8494 8496 330 9903 9905 2693 18331 18334
5 2482 2022 2023 2642 2561 2565 84 11607 11611 2148 21139 21143 940 24936 24938
3 2245 2299 2301 1471 12459 12463 336 19564 19568
2 2121 4115 4117 657 11927 11931
0
1 1886 22096 22097
2 1829 5097 5100 614 13297 13301
2 1703 13466 13468 2111 24018 24021
2 1513 5103 5106 1355 7207 7209
0
3 1821 14276 14277 1405 17716 17719 1738 23634 23638
0
1 2309 8304 8307
2 1291 13845 13846 78 22211 22213
0
2 539 9473 9475 2089 17999 18001
1 1712 6481 6484
1 1695 19349 19351
0
2 1001 2246 2247 2808 3522 3526
0
0
1 2098 8053 8057
1 2223 22321 22323
3 1971 756 759 1464 9468 9469 115 18772 18775
2 1097 1156 1157 2111 14110 14112
4 2342 12 15 815 4128 4129 2692 16803 16807 61 23629 23631
2 731 14320 14322 2710 17790 17792
2 1374 371 372 1504 16392 16393
1 2944 19261 19265
2 1812 6737 6740 2604 12653 12656
0
1 235 10727 10731
3 14 4388 4391 2357 9386 9390 1162 24399 24401
2 2996 18874 18878 2407 21755 21758
1 32 23459 23460
2 2961 378 380 454 22326 22330
1 1935 14336 14338
6 2240 1403 1406 1866 12111 12114 2815 17386 17390 1081 21563 21567 1095 22521 22523 2067 24295 24297
2 1250 4523 4524 774 9089 9091
4 1998 542 543 2194 7096 7098 141 13211 13213 1238 22602 22604
0
0
5 1505 11648 11652 1157 13761 13765 1444 16147 16148 1396 18815 18819 1130 19448 19450
3 2516 2369 2370 1286 7390 7393 2675 21276 21279
2 2176 1577 1579 2249 17913 17915
2 691 23270 23272 1788 23354 23355
2 1911 2024 2026 1653 6646 6648
1 1362 20738 20740
1 2543 11208 11211
3 753 119 123 279 1334 1335 491 21224 21227
3 1560 9816 9820 753 15501 15503 2698 20828 20832
2 2331 804 807 727 23760 23762
1 2183 12492 12494
1 637 2713 2717
2 62 16204 16206 762 25059 25063
3 2787 2413 2416 901 4968 4971 1308 19425 19428
0
2 2813 2364 2367 1668 3740 3744
1 2313 12046 12047
1 2456 1163 1166
1 1953 11820 11823
0
1 494 11091 11094
3 261 6453 6456 437 19098 19099 553 19472 19475
0
2 2735 16565 16567 284 22574 22575
1 305 21305 21307
1 661 18626 18630
3 2905 2096 2097 2901 14270 14274 2612 15218 15221
3 650 12817 12819 392 17099 17101 1805 20801 20802
2 1616 5010 5013 659 25050 25051
5 811 1977 1978 1630 10460 10463 1073 14586 14587 1771 18500 18502 1219 24809 24810
6 2067 4882 4886 2086 13947 13951 675 15937 15939 2955 18604 18606 77 19772 19773 1435 22675 22679
1 1687 3616 3620
1 857 23348 23350
2 1327 4381 4382 129 15202 15205
3 1507 1326 1330 793 3098 3099 1879 20904 20905
0
2 2544 7055 7056 533 23307 23311
3 2552 4467 4470 1597 14191 14192 1815 16432 16435
2 1412 10466 10468 99 11660 11661
2 453 1257 1258 1429 2701 2703
1 2690 1675 1676
0
4 638 7749 7752 1173 10695 10698 114 11486 11488 1424 24584 24585
4 1527 12429 12431 648 15475 15479 1330 16014 16016 591 21857 21861
1 670 16791 16793
0
0
0
0
2 1179 486 490 391 10842 10845
2 438 7959 7961 2140 9001 9005
4 1901 6282 6283 1475 12186 12190 530 12610 12611 1904 14856 14860
0
0
1 417 15123 15124
2 1299 6182 6186 636 16363 16367
1 717 22407 22409
3 2519 9007 9008 352 23969 23973 2106 24330 24331
2 1895 13944 13946 1905 14451 14454
0
3 2069 21106 21110 1843 21371 21373 2030 23405 23409
2 1777 15626 15627 1577 19819 19822
1 2723 23878 23879
5 1640 8215 8218 1748 15695 15699 1178 16456 16457 1532 18683 18684 1530 20489 20490
2 2838 3627 3629 993 23897 23901
2 2522 6485 6486 136 19528 19532
0
1 2789 15389 15393
2 2543 8002 8004 1779 13688 13690
1 2475 646 649
3 90 11450 11451 2095 13492 13495 2731 23910 23914
1 603 7171 7172
1 291 17261 17262
0
2 1878 14025 14028 2803 16383 16385
1 1112 20579 20583
2 698 7457 7459 2803 24068 24070
0
0
1 75 4176 4177
0
4 1100 10274 10275 1590 10289 10291 2840 10441 10444 1754 19218 19220
2 635 9717 9721 227 10141 10142
2 551 19002 19004 2134 23590 23592
2 2466 6839 6842 1601 20763 20767
1 1092 2830 2833
0
0
1 2459 5320 5324
3 426 4890 4893 1557 5005 5008 2724 18663 18666
1 1893 14715 14718
2 2914 13669 13672 1175 19987 19990
1 386 5909 5913
0
2 2535 9042 9046 1453 11808 11812
3 2379 3201 3205 1029 5648 5650 934 12847 12850
1 2383 14500 14504
2 1712 6520 6524 2076 7785 7788
1 960 13920 13923
2 1758 1498 1499 1981 8404 8406
2 1584 9344 9348 807 12368 12372
2 1901 9696 9700 214 10648 10651
3 1549 2983 2986 214 14616 14618 2202 21759 21763
1 2785 15310 15314
6 1658 751 752 743 2759 2761 1479 21991 21994 2944 22476 22478 1186 22487 22490 217 22509 22510
4 1692 6055 6058 895 8204 8208 2627 15922 15925 2540 16065 16066
2 1316 12220 12224 1632 17033 17035
3 2891 8500 8504 1781 8532 8534 1106 8817 8818
1 1396 17966 17968
2 601 5501 5502 2172 17971 17973
4 519 9484 9488 1547 19125 19126 575 19598 19599 1680 22733 22737
1 2615 18473 18475
1 1356 24664 24665
2 1704 13880 13884 125 19727 19729
4 2268 5564 5568 2844 6166 6168 598 14588 14591 1205 21971 21972
1 1842 1226 1230
1 1306 9157 9159
3 440 10360 10364 2955 12626 12628 1249 18984 18986
1 1908 5121 5122
